120 4223
0 1
0 2
0 3
0 4
0 5
0 6
0 7
0 11
0 14
0 16
0 18
0 19
0 20
0 21
0 24
0 25
0 27
0 29
0 32
0 34
0 36
0 37
0 39
0 41
0 44
0 45
0 46
0 48
0 49
0 51
0 52
0 53
0 55
0 56
0 58
0 59
0 60
0 61
0 62
0 63
0 67
0 69
0 70
0 72
0 73
0 74
0 75
0 77
0 82
0 83
0 84
0 87
0 89
0 90
0 91
0 95
0 98
0 99
0 100
0 104
0 108
0 110
0 112
0 115
0 116
0 119
1 2
1 3
1 4
1 5
1 8
1 9
1 10
1 11
1 12
1 13
1 15
1 16
1 18
1 20
1 21
1 23
1 24
1 26
1 27
1 31
1 33
1 35
1 38
1 41
1 42
1 43
1 45
1 47
1 51
1 52
1 53
1 54
1 56
1 57
1 61
1 64
1 65
1 68
1 71
1 74
1 75
1 76
1 77
1 78
1 79
1 82
1 84
1 85
1 86
1 89
1 92
1 94
1 96
1 97
1 98
1 99
1 102
1 103
1 105
1 106
1 108
1 109
1 110
1 112
1 113
1 115
1 117
1 119
2 3
2 4
2 7
2 8
2 10
2 13
2 19
2 23
2 24
2 26
2 27
2 28
2 29
2 30
2 32
2 33
2 34
2 35
2 36
2 39
2 41
2 44
2 46
2 49
2 50
2 51
2 52
2 53
2 57
2 61
2 62
2 63
2 64
2 65
2 67
2 68
2 69
2 70
2 71
2 73
2 74
2 77
2 79
2 80
2 81
2 83
2 87
2 88
2 90
2 92
2 94
2 95
2 100
2 103
2 105
2 106
2 110
2 111
2 115
2 119
3 4
3 7
3 10
3 12
3 15
3 17
3 20
3 23
3 25
3 27
3 28
3 29
3 31
3 32
3 34
3 35
3 36
3 37
3 38
3 39
3 40
3 41
3 42
3 43
3 44
3 45
3 47
3 50
3 51
3 52
3 53
3 56
3 57
3 58
3 61
3 63
3 65
3 68
3 69
3 70
3 71
3 73
3 74
3 75
3 78
3 81
3 83
3 84
3 87
3 88
3 90
3 91
3 92
3 93
3 94
3 95
3 96
3 98
3 103
3 104
3 105
3 106
3 108
3 109
3 113
3 114
3 116
3 118
3 119
4 7
4 10
4 11
4 12
4 13
4 14
4 15
4 18
4 20
4 22
4 23
4 25
4 26
4 27
4 28
4 29
4 30
4 31
4 32
4 33
4 35
4 36
4 37
4 39
4 42
4 44
4 45
4 48
4 49
4 50
4 52
4 53
4 55
4 57
4 61
4 64
4 66
4 69
4 70
4 72
4 73
4 76
4 77
4 78
4 82
4 83
4 84
4 88
4 89
4 90
4 91
4 92
4 96
4 97
4 99
4 100
4 101
4 103
4 104
4 105
4 107
4 109
4 110
4 111
4 112
4 113
4 116
4 117
4 118
5 6
5 7
5 9
5 10
5 11
5 12
5 13
5 15
5 16
5 18
5 20
5 21
5 22
5 23
5 26
5 28
5 29
5 33
5 36
5 38
5 40
5 41
5 42
5 43
5 45
5 47
5 48
5 49
5 51
5 54
5 55
5 56
5 57
5 58
5 60
5 61
5 62
5 63
5 64
5 65
5 66
5 69
5 70
5 71
5 72
5 73
5 74
5 75
5 77
5 80
5 81
5 82
5 84
5 85
5 86
5 87
5 90
5 93
5 94
5 95
5 96
5 99
5 101
5 104
5 105
5 107
5 108
5 109
5 110
5 112
5 113
5 114
5 116
5 117
5 119
6 8
6 10
6 11
6 12
6 14
6 15
6 16
6 17
6 21
6 28
6 30
6 32
6 34
6 37
6 38
6 39
6 40
6 44
6 46
6 48
6 49
6 50
6 51
6 52
6 57
6 58
6 59
6 61
6 63
6 67
6 68
6 69
6 70
6 73
6 75
6 82
6 83
6 87
6 89
6 91
6 93
6 94
6 95
6 96
6 99
6 100
6 103
6 105
6 108
6 111
6 113
6 114
6 115
6 117
6 119
7 9
7 11
7 12
7 13
7 14
7 16
7 18
7 19
7 21
7 22
7 23
7 25
7 28
7 29
7 31
7 33
7 36
7 39
7 42
7 45
7 46
7 47
7 52
7 53
7 54
7 55
7 57
7 58
7 62
7 63
7 64
7 65
7 66
7 67
7 69
7 70
7 72
7 74
7 75
7 77
7 81
7 82
7 83
7 85
7 86
7 88
7 91
7 92
7 95
7 99
7 100
7 101
7 105
7 108
7 109
7 110
7 112
7 113
7 114
7 115
7 116
7 117
7 118
7 119
8 10
8 13
8 14
8 16
8 18
8 20
8 21
8 22
8 23
8 24
8 26
8 27
8 29
8 31
8 33
8 35
8 39
8 42
8 43
8 44
8 47
8 49
8 51
8 52
8 56
8 59
8 60
8 61
8 66
8 69
8 70
8 73
8 75
8 76
8 77
8 78
8 79
8 82
8 83
8 85
8 86
8 87
8 88
8 89
8 91
8 93
8 95
8 96
8 97
8 98
8 99
8 100
8 101
8 104
8 106
8 108
8 109
8 110
8 111
8 114
8 117
8 118
8 119
9 12
9 15
9 16
9 18
9 19
9 22
9 24
9 26
9 27
9 28
9 30
9 33
9 39
9 40
9 41
9 42
9 45
9 46
9 48
9 50
9 52
9 53
9 54
9 57
9 58
9 59
9 60
9 61
9 62
9 64
9 66
9 69
9 70
9 71
9 72
9 73
9 77
9 79
9 81
9 83
9 85
9 86
9 87
9 88
9 90
9 93
9 96
9 97
9 99
9 100
9 101
9 102
9 103
9 104
9 108
9 109
9 111
9 112
9 113
9 114
9 117
9 119
10 12
10 14
10 15
10 16
10 17
10 19
10 20
10 21
10 22
10 24
10 26
10 28
10 30
10 31
10 32
10 33
10 34
10 37
10 38
10 39
10 43
10 44
10 45
10 46
10 49
10 50
10 51
10 52
10 53
10 54
10 56
10 57
10 58
10 59
10 60
10 61
10 65
10 66
10 67
10 68
10 70
10 71
10 72
10 77
10 78
10 81
10 84
10 85
10 88
10 91
10 93
10 94
10 96
10 97
10 98
10 102
10 104
10 105
10 106
10 108
10 110
10 111
10 115
10 116
10 117
10 118
10 119
11 12
11 13
11 14
11 16
11 19
11 20
11 21
11 25
11 26
11 27
11 29
11 31
11 34
11 36
11 37
11 40
11 41
11 43
11 44
11 48
11 50
11 51
11 52
11 55
11 59
11 61
11 62
11 67
11 68
11 69
11 70
11 71
11 72
11 73
11 74
11 75
11 76
11 77
11 78
11 79
11 81
11 82
11 83
11 85
11 86
11 87
11 90
11 92
11 93
11 94
11 95
11 96
11 98
11 102
11 105
11 107
11 108
11 110
11 112
11 113
11 116
11 117
11 118
12 14
12 15
12 16
12 17
12 18
12 19
12 22
12 23
12 24
12 25
12 27
12 28
12 29
12 30
12 31
12 33
12 34
12 35
12 36
12 39
12 40
12 41
12 42
12 45
12 46
12 47
12 49
12 50
12 53
12 54
12 55
12 57
12 58
12 59
12 60
12 62
12 63
12 64
12 66
12 67
12 68
12 69
12 70
12 74
12 76
12 79
12 82
12 86
12 90
12 91
12 96
12 98
12 99
12 100
12 101
12 105
12 106
12 108
12 111
12 113
12 114
12 117
12 119
13 14
13 15
13 16
13 18
13 20
13 23
13 24
13 25
13 28
13 30
13 31
13 33
13 36
13 38
13 39
13 40
13 41
13 43
13 44
13 47
13 48
13 49
13 50
13 51
13 52
13 53
13 54
13 55
13 56
13 57
13 60
13 62
13 66
13 68
13 69
13 70
13 71
13 72
13 73
13 74
13 76
13 77
13 78
13 80
13 82
13 83
13 84
13 86
13 87
13 88
13 91
13 92
13 93
13 94
13 95
13 98
13 101
13 102
13 103
13 104
13 106
13 107
13 108
13 113
13 116
13 117
13 118
13 119
14 17
14 21
14 25
14 29
14 30
14 32
14 33
14 34
14 35
14 36
14 38
14 39
14 40
14 41
14 42
14 44
14 46
14 47
14 49
14 50
14 53
14 54
14 55
14 56
14 60
14 61
14 62
14 64
14 65
14 68
14 70
14 72
14 74
14 76
14 78
14 80
14 81
14 82
14 83
14 86
14 88
14 89
14 91
14 93
14 94
14 95
14 96
14 97
14 98
14 101
14 106
14 107
14 108
14 109
14 110
14 111
14 112
14 114
14 115
14 116
14 118
14 119
15 17
15 18
15 21
15 22
15 24
15 29
15 30
15 31
15 32
15 34
15 35
15 37
15 39
15 40
15 42
15 43
15 44
15 45
15 46
15 50
15 51
15 53
15 54
15 55
15 56
15 61
15 62
15 64
15 66
15 67
15 69
15 71
15 72
15 73
15 75
15 76
15 78
15 81
15 83
15 84
15 86
15 88
15 90
15 92
15 93
15 94
15 96
15 98
15 101
15 104
15 105
15 106
15 108
15 109
15 110
15 111
15 113
15 114
15 117
15 119
16 17
16 20
16 22
16 23
16 24
16 26
16 27
16 29
16 30
16 31
16 33
16 39
16 48
16 49
16 50
16 52
16 56
16 57
16 58
16 61
16 62
16 63
16 66
16 67
16 68
16 69
16 70
16 71
16 73
16 74
16 75
16 76
16 78
16 79
16 80
16 81
16 82
16 83
16 84
16 88
16 90
16 94
16 95
16 96
16 97
16 98
16 99
16 100
16 101
16 103
16 106
16 107
16 108
16 109
16 110
16 111
16 112
16 114
16 116
16 117
16 119
17 18
17 20
17 21
17 25
17 26
17 27
17 30
17 33
17 34
17 37
17 41
17 43
17 44
17 46
17 48
17 50
17 53
17 54
17 56
17 57
17 59
17 60
17 61
17 62
17 65
17 71
17 73
17 75
17 78
17 79
17 80
17 81
17 82
17 83
17 87
17 89
17 91
17 92
17 98
17 99
17 103
17 104
17 105
17 108
17 110
17 115
17 116
17 117
17 118
17 119
18 19
18 21
18 23
18 24
18 26
18 27
18 28
18 30
18 31
18 34
18 36
18 38
18 40
18 41
18 42
18 44
18 47
18 48
18 50
18 53
18 54
18 55
18 57
18 58
18 59
18 62
18 64
18 65
18 66
18 67
18 69
18 70
18 72
18 73
18 75
18 76
18 77
18 78
18 79
18 80
18 81
18 83
18 85
18 86
18 87
18 88
18 91
18 92
18 93
18 96
18 97
18 99
18 101
18 102
18 103
18 104
18 112
18 113
18 114
18 117
18 118
19 20
19 21
19 30
19 33
19 34
19 36
19 38
19 39
19 40
19 41
19 42
19 43
19 47
19 48
19 49
19 51
19 53
19 55
19 56
19 58
19 60
19 61
19 62
19 63
19 64
19 67
19 68
19 69
19 71
19 72
19 73
19 76
19 77
19 78
19 79
19 82
19 83
19 84
19 85
19 87
19 92
19 93
19 95
19 96
19 97
19 100
19 102
19 103
19 104
19 107
19 109
19 110
19 113
19 114
19 115
19 116
19 117
19 119
20 22
20 24
20 28
20 29
20 31
20 33
20 37
20 40
20 41
20 44
20 46
20 51
20 52
20 54
20 58
20 59
20 60
20 62
20 63
20 64
20 66
20 67
20 68
20 69
20 70
20 71
20 72
20 74
20 75
20 76
20 77
20 78
20 80
20 82
20 83
20 84
20 88
20 89
20 90
20 91
20 92
20 95
20 96
20 99
20 100
20 101
20 104
20 105
20 106
20 107
20 109
20 111
20 112
20 113
20 114
20 116
20 119
21 23
21 28
21 30
21 31
21 34
21 35
21 36
21 38
21 39
21 41
21 42
21 44
21 45
21 46
21 47
21 48
21 49
21 50
21 54
21 55
21 56
21 57
21 59
21 60
21 61
21 63
21 64
21 65
21 68
21 69
21 73
21 74
21 75
21 78
21 79
21 80
21 83
21 86
21 87
21 89
21 92
21 93
21 94
21 99
21 100
21 101
21 107
21 108
21 109
21 113
21 114
21 115
21 116
21 119
22 24
22 25
22 26
22 28
22 31
22 34
22 36
22 39
22 40
22 41
22 42
22 45
22 48
22 53
22 54
22 55
22 56
22 57
22 59
22 60
22 62
22 63
22 64
22 65
22 66
22 68
22 69
22 70
22 71
22 74
22 75
22 76
22 77
22 79
22 80
22 81
22 82
22 83
22 84
22 85
22 87
22 88
22 89
22 90
22 91
22 93
22 94
22 95
22 96
22 97
22 98
22 99
22 102
22 103
22 104
22 105
22 109
22 110
22 111
22 113
22 114
22 117
23 24
23 25
23 26
23 30
23 31
23 32
23 33
23 35
23 37
23 39
23 40
23 41
23 42
23 43
23 46
23 47
23 49
23 50
23 51
23 52
23 55
23 56
23 61
23 64
23 65
23 66
23 68
23 71
23 72
23 76
23 77
23 79
23 80
23 81
23 82
23 83
23 84
23 86
23 87
23 90
23 91
23 92
23 93
23 94
23 95
23 97
23 99
23 100
23 101
23 102
23 104
23 105
23 108
23 109
23 111
23 113
23 115
23 116
23 117
23 119
24 25
24 28
24 29
24 34
24 35
24 37
24 40
24 41
24 42
24 44
24 45
24 46
24 48
24 49
24 54
24 55
24 58
24 61
24 64
24 67
24 68
24 69
24 70
24 71
24 75
24 77
24 81
24 82
24 83
24 84
24 86
24 88
24 89
24 90
24 91
24 95
24 96
24 97
24 98
24 99
24 100
24 101
24 102
24 103
24 104
24 105
24 106
24 108
24 109
24 110
24 111
24 112
24 113
24 114
24 115
24 119
25 26
25 27
25 28
25 30
25 31
25 33
25 34
25 36
25 37
25 38
25 39
25 41
25 42
25 44
25 45
25 46
25 48
25 49
25 53
25 54
25 59
25 60
25 61
25 63
25 64
25 66
25 69
25 74
25 78
25 79
25 80
25 82
25 84
25 86
25 90
25 92
25 93
25 96
25 97
25 98
25 101
25 102
25 104
25 105
25 106
25 108
25 110
25 111
25 112
25 114
25 115
25 116
25 117
25 119
26 30
26 32
26 33
26 34
26 35
26 38
26 39
26 41
26 42
26 43
26 44
26 45
26 49
26 50
26 52
26 54
26 57
26 58
26 59
26 60
26 61
26 63
26 64
26 66
26 67
26 68
26 69
26 70
26 72
26 73
26 76
26 77
26 78
26 79
26 81
26 83
26 84
26 85
26 87
26 88
26 90
26 91
26 92
26 94
26 95
26 96
26 98
26 99
26 103
26 104
26 105
26 106
26 107
26 108
26 109
26 110
26 111
26 112
26 113
26 114
26 115
26 116
26 117
26 119
27 28
27 29
27 31
27 32
27 34
27 36
27 37
27 39
27 42
27 44
27 47
27 48
27 51
27 53
27 54
27 55
27 57
27 58
27 59
27 61
27 62
27 63
27 64
27 66
27 67
27 68
27 69
27 71
27 74
27 75
27 77
27 80
27 82
27 85
27 87
27 90
27 92
27 93
27 95
27 96
27 99
27 100
27 102
27 103
27 105
27 107
27 108
27 110
27 112
27 117
27 118
28 31
28 33
28 35
28 36
28 37
28 39
28 42
28 43
28 44
28 46
28 48
28 50
28 52
28 53
28 54
28 55
28 56
28 57
28 58
28 62
28 63
28 64
28 67
28 70
28 71
28 75
28 78
28 80
28 82
28 83
28 84
28 85
28 86
28 87
28 88
28 89
28 91
28 92
28 93
28 94
28 95
28 97
28 98
28 100
28 101
28 102
28 104
28 105
28 108
28 109
28 111
28 112
28 113
28 114
28 115
28 116
28 117
28 118
28 119
29 30
29 31
29 33
29 34
29 37
29 38
29 41
29 42
29 43
29 46
29 47
29 48
29 49
29 50
29 51
29 53
29 54
29 55
29 56
29 57
29 58
29 59
29 61
29 62
29 66
29 68
29 69
29 77
29 79
29 80
29 81
29 82
29 84
29 85
29 87
29 88
29 89
29 91
29 93
29 94
29 95
29 97
29 99
29 103
29 104
29 105
29 107
29 108
29 110
29 113
29 114
29 115
29 117
30 31
30 33
30 36
30 37
30 39
30 41
30 44
30 45
30 46
30 48
30 49
30 51
30 52
30 53
30 54
30 55
30 56
30 59
30 61
30 62
30 66
30 70
30 71
30 72
30 73
30 75
30 76
30 77
30 78
30 79
30 80
30 81
30 82
30 86
30 89
30 90
30 91
30 93
30 94
30 96
30 98
30 101
30 102
30 104
30 105
30 106
30 107
30 110
30 112
30 113
30 118
30 119
31 32
31 34
31 36
31 37
31 38
31 40
31 41
31 42
31 43
31 45
31 47
31 50
31 51
31 56
31 57
31 58
31 60
31 63
31 64
31 65
31 67
31 69
31 71
31 72
31 78
31 80
31 82
31 83
31 84
31 85
31 88
31 92
31 94
31 96
31 97
31 98
31 99
31 100
31 101
31 105
31 108
31 112
31 116
31 117
31 118
31 119
32 34
32 35
32 36
32 37
32 39
32 41
32 43
32 44
32 45
32 48
32 49
32 51
32 52
32 53
32 55
32 56
32 59
32 60
32 62
32 63
32 66
32 67
32 68
32 70
32 71
32 73
32 75
32 76
32 77
32 78
32 79
32 80
32 83
32 84
32 85
32 86
32 87
32 88
32 90
32 91
32 96
32 98
32 99
32 100
32 106
32 107
32 111
32 117
32 119
33 34
33 35
33 37
33 38
33 39
33 40
33 42
33 43
33 44
33 46
33 47
33 48
33 49
33 51
33 52
33 53
33 54
33 55
33 56
33 57
33 59
33 60
33 62
33 63
33 64
33 65
33 66
33 67
33 69
33 73
33 76
33 77
33 78
33 81
33 82
33 83
33 84
33 86
33 88
33 89
33 90
33 91
33 94
33 98
33 99
33 100
33 101
33 102
33 106
33 108
33 111
33 113
34 35
34 37
34 39
34 40
34 42
34 43
34 44
34 48
34 49
34 51
34 53
34 54
34 55
34 56
34 57
34 58
34 59
34 60
34 61
34 62
34 63
34 64
34 65
34 66
34 68
34 69
34 72
34 73
34 74
34 76
34 81
34 83
34 85
34 87
34 89
34 90
34 91
34 93
34 94
34 95
34 96
34 97
34 99
34 100
34 101
34 102
34 104
34 106
34 107
34 116
34 117
34 118
34 119
35 37
35 38
35 40
35 42
35 43
35 45
35 46
35 47
35 49
35 50
35 53
35 54
35 55
35 58
35 59
35 63
35 64
35 66
35 69
35 71
35 72
35 74
35 76
35 78
35 80
35 82
35 86
35 87
35 91
35 96
35 97
35 100
35 101
35 102
35 104
35 105
35 107
35 108
35 110
35 111
35 112
35 113
35 115
35 116
36 38
36 39
36 40
36 41
36 42
36 43
36 46
36 47
36 48
36 49
36 51
36 52
36 54
36 55
36 56
36 57
36 58
36 60
36 61
36 62
36 63
36 64
36 65
36 66
36 67
36 68
36 69
36 70
36 71
36 73
36 74
36 77
36 78
36 81
36 82
36 84
36 85
36 86
36 90
36 94
36 96
36 98
36 101
36 103
36 106
36 107
36 108
36 109
36 110
36 111
36 112
36 113
36 114
36 117
36 118
37 39
37 41
37 45
37 46
37 47
37 48
37 53
37 55
37 56
37 57
37 59
37 64
37 65
37 66
37 69
37 71
37 72
37 73
37 74
37 75
37 77
37 79
37 81
37 84
37 85
37 87
37 88
37 89
37 93
37 98
37 100
37 101
37 102
37 103
37 104
37 105
37 110
37 114
37 115
37 116
37 117
37 118
37 119
38 40
38 41
38 42
38 43
38 44
38 45
38 46
38 49
38 51
38 53
38 54
38 55
38 56
38 57
38 60
38 61
38 62
38 65
38 66
38 68
38 69
38 70
38 71
38 73
38 75
38 77
38 78
38 79
38 81
38 84
38 88
38 93
38 95
38 96
38 97
38 99
38 101
38 102
38 103
38 105
38 106
38 107
38 108
38 113
38 114
38 115
38 116
38 117
38 118
38 119
39 40
39 43
39 45
39 48
39 51
39 52
39 54
39 56
39 57
39 58
39 59
39 63
39 64
39 65
39 66
39 68
39 69
39 70
39 71
39 72
39 73
39 74
39 75
39 76
39 80
39 82
39 84
39 86
39 88
39 92
39 97
39 98
39 101
39 102
39 103
39 105
39 106
39 107
39 109
39 112
39 113
39 114
39 118
40 41
40 43
40 45
40 47
40 48
40 49
40 50
40 52
40 53
40 54
40 56
40 57
40 58
40 59
40 61
40 62
40 64
40 65
40 67
40 68
40 69
40 70
40 71
40 72
40 74
40 76
40 77
40 78
40 82
40 84
40 85
40 86
40 87
40 88
40 89
40 91
40 94
40 95
40 97
40 98
40 102
40 108
40 109
40 111
40 112
40 113
40 114
40 115
40 116
40 117
41 42
41 43
41 44
41 45
41 47
41 48
41 49
41 50
41 52
41 54
41 55
41 56
41 58
41 60
41 61
41 63
41 64
41 66
41 67
41 69
41 70
41 71
41 74
41 77
41 78
41 86
41 89
41 91
41 92
41 93
41 95
41 97
41 99
41 101
41 102
41 103
41 104
41 105
41 106
41 107
41 109
41 110
41 111
41 113
41 114
41 115
41 117
41 118
42 45
42 48
42 50
42 54
42 55
42 56
42 58
42 60
42 61
42 62
42 64
42 65
42 66
42 70
42 71
42 73
42 74
42 80
42 81
42 82
42 83
42 84
42 85
42 86
42 88
42 90
42 91
42 92
42 94
42 95
42 100
42 105
42 110
42 111
42 112
42 113
42 116
42 117
42 119
43 44
43 45
43 46
43 47
43 48
43 50
43 54
43 55
43 58
43 62
43 63
43 65
43 66
43 67
43 68
43 69
43 70
43 72
43 74
43 75
43 76
43 78
43 79
43 80
43 81
43 82
43 84
43 85
43 87
43 88
43 89
43 90
43 91
43 92
43 93
43 96
43 97
43 98
43 100
43 101
43 103
43 104
43 105
43 106
43 109
43 111
43 112
43 113
43 114
43 118
43 119
44 45
44 46
44 49
44 51
44 52
44 54
44 55
44 56
44 57
44 59
44 61
44 63
44 65
44 67
44 71
44 72
44 73
44 74
44 76
44 77
44 78
44 79
44 81
44 82
44 83
44 84
44 87
44 89
44 90
44 91
44 92
44 96
44 97
44 98
44 100
44 101
44 102
44 103
44 104
44 105
44 107
44 108
44 109
44 110
44 112
44 113
44 114
44 115
44 116
45 46
45 48
45 50
45 51
45 53
45 54
45 55
45 56
45 57
45 59
45 60
45 64
45 65
45 66
45 68
45 69
45 70
45 71
45 73
45 74
45 76
45 77
45 78
45 80
45 81
45 82
45 83
45 84
45 85
45 87
45 89
45 92
45 93
45 94
45 98
45 99
45 103
45 104
45 106
45 108
45 109
45 111
45 117
45 119
46 47
46 48
46 50
46 52
46 53
46 55
46 59
46 60
46 61
46 62
46 63
46 64
46 65
46 66
46 67
46 68
46 69
46 72
46 73
46 76
46 77
46 79
46 81
46 82
46 83
46 84
46 86
46 88
46 89
46 90
46 91
46 92
46 99
46 100
46 102
46 104
46 106
46 107
46 108
46 110
46 111
46 112
46 113
46 114
46 115
46 118
46 119
47 48
47 49
47 50
47 51
47 52
47 53
47 54
47 55
47 57
47 61
47 64
47 66
47 68
47 70
47 72
47 73
47 74
47 75
47 76
47 77
47 78
47 80
47 81
47 82
47 83
47 85
47 86
47 87
47 89
47 92
47 94
47 95
47 96
47 97
47 101
47 103
47 105
47 107
47 108
47 112
47 114
47 116
47 117
48 49
48 51
48 52
48 53
48 55
48 57
48 61
48 62
48 63
48 65
48 66
48 67
48 68
48 70
48 71
48 74
48 75
48 76
48 77
48 80
48 81
48 82
48 84
48 86
48 87
48 88
48 89
48 90
48 91
48 93
48 95
48 97
48 98
48 99
48 100
48 102
48 105
48 106
48 109
48 111
48 112
48 113
48 114
48 116
48 118
48 119
49 53
49 55
49 56
49 58
49 62
49 64
49 65
49 67
49 68
49 71
49 72
49 74
49 77
49 79
49 80
49 82
49 84
49 85
49 88
49 90
49 91
49 92
49 93
49 94
49 95
49 96
49 100
49 102
49 103
49 104
49 105
49 107
49 109
49 111
49 112
49 114
49 115
49 116
49 117
49 118
49 119
50 51
50 53
50 55
50 56
50 57
50 58
50 59
50 60
50 64
50 65
50 67
50 68
50 69
50 70
50 71
50 73
50 78
50 80
50 81
50 82
50 83
50 86
50 87
50 89
50 90
50 91
50 93
50 96
50 97
50 98
50 104
50 106
50 107
50 108
50 109
50 110
50 111
50 112
50 113
50 115
50 117
50 118
50 119
51 53
51 55
51 56
51 57
51 59
51 60
51 61
51 62
51 63
51 65
51 66
51 68
51 71
51 74
51 77
51 78
51 80
51 83
51 85
51 88
51 90
51 91
51 92
51 93
51 94
51 95
51 96
51 97
51 99
51 100
51 103
51 105
51 109
51 110
51 112
51 113
51 114
51 117
51 119
52 54
52 55
52 58
52 63
52 70
52 71
52 72
52 75
52 76
52 77
52 78
52 79
52 80
52 81
52 83
52 86
52 88
52 89
52 90
52 92
52 93
52 94
52 95
52 98
52 99
52 100
52 101
52 102
52 106
52 107
52 108
52 109
52 110
52 112
52 114
52 115
52 116
52 117
52 118
52 119
53 55
53 56
53 57
53 58
53 59
53 63
53 66
53 69
53 70
53 74
53 75
53 77
53 78
53 79
53 80
53 83
53 84
53 87
53 89
53 90
53 91
53 93
53 94
53 95
53 96
53 100
53 101
53 104
53 105
53 107
53 113
53 115
53 116
53 117
53 118
53 119
54 55
54 57
54 60
54 61
54 62
54 63
54 66
54 67
54 68
54 69
54 70
54 71
54 72
54 74
54 75
54 79
54 80
54 82
54 83
54 84
54 85
54 87
54 88
54 89
54 91
54 92
54 93
54 94
54 95
54 96
54 97
54 98
54 99
54 103
54 105
54 106
54 107
54 108
54 110
54 112
54 113
54 114
54 116
54 119
55 56
55 57
55 58
55 59
55 60
55 62
55 63
55 64
55 66
55 69
55 70
55 71
55 72
55 73
55 74
55 75
55 76
55 77
55 78
55 81
55 82
55 83
55 85
55 87
55 88
55 90
55 91
55 92
55 93
55 94
55 96
55 98
55 99
55 101
55 102
55 103
55 105
55 106
55 109
55 111
55 113
55 114
55 115
55 117
56 58
56 59
56 60
56 61
56 63
56 64
56 67
56 68
56 69
56 70
56 71
56 72
56 73
56 78
56 79
56 84
56 85
56 88
56 91
56 93
56 94
56 96
56 97
56 98
56 99
56 100
56 101
56 102
56 103
56 104
56 105
56 106
56 107
56 108
56 110
56 112
56 113
56 115
56 116
56 117
56 119
57 58
57 59
57 60
57 61
57 65
57 66
57 67
57 68
57 70
57 73
57 74
57 76
57 81
57 82
57 83
57 84
57 86
57 88
57 91
57 92
57 94
57 95
57 96
57 99
57 100
57 101
57 104
57 107
57 108
57 109
57 110
57 113
57 115
57 116
58 59
58 63
58 64
58 66
58 69
58 70
58 71
58 72
58 73
58 74
58 77
58 78
58 79
58 80
58 81
58 84
58 86
58 88
58 89
58 90
58 92
58 95
58 96
58 98
58 99
58 101
58 102
58 103
58 105
58 107
58 109
58 111
58 112
58 113
58 114
58 116
58 118
59 60
59 61
59 63
59 65
59 66
59 67
59 68
59 69
59 70
59 71
59 72
59 73
59 74
59 76
59 78
59 81
59 82
59 83
59 85
59 86
59 87
59 89
59 90
59 92
59 93
59 94
59 95
59 96
59 97
59 98
59 99
59 100
59 105
59 107
59 109
59 111
59 112
59 113
59 114
59 117
59 118
59 119
60 61
60 62
60 63
60 65
60 70
60 73
60 74
60 75
60 77
60 78
60 81
60 82
60 84
60 85
60 87
60 88
60 89
60 90
60 92
60 93
60 95
60 96
60 97
60 99
60 100
60 101
60 102
60 103
60 104
60 105
60 106
60 109
60 110
60 111
60 114
60 117
60 118
60 119
61 62
61 63
61 64
61 66
61 69
61 71
61 73
61 74
61 78
61 82
61 83
61 86
61 87
61 88
61 89
61 93
61 94
61 95
61 97
61 101
61 102
61 105
61 106
61 107
61 108
61 109
61 110
61 111
61 113
61 115
61 116
61 117
61 118
61 119
62 64
62 65
62 68
62 70
62 71
62 72
62 73
62 75
62 76
62 77
62 79
62 80
62 81
62 83
62 84
62 89
62 90
62 91
62 92
62 93
62 97
62 100
62 101
62 102
62 104
62 107
62 108
62 109
62 112
62 114
62 116
62 118
62 119
63 64
63 66
63 68
63 69
63 71
63 73
63 74
63 75
63 77
63 78
63 79
63 82
63 84
63 85
63 87
63 90
63 91
63 93
63 95
63 96
63 97
63 98
63 99
63 101
63 102
63 105
63 106
63 109
63 111
63 112
63 113
63 116
63 117
63 119
64 66
64 70
64 71
64 72
64 73
64 74
64 76
64 80
64 82
64 83
64 84
64 88
64 89
64 92
64 94
64 96
64 97
64 99
64 101
64 102
64 104
64 105
64 106
64 108
64 109
64 111
64 113
64 114
64 117
64 118
65 68
65 72
65 74
65 77
65 78
65 80
65 83
65 84
65 86
65 87
65 90
65 91
65 93
65 94
65 95
65 97
65 98
65 99
65 102
65 105
65 106
65 107
65 108
65 110
65 115
65 116
66 68
66 69
66 72
66 73
66 74
66 75
66 76
66 77
66 78
66 84
66 85
66 87
66 88
66 90
66 92
66 94
66 96
66 97
66 98
66 100
66 101
66 103
66 104
66 105
66 106
66 109
66 110
66 111
66 112
66 113
66 114
66 118
66 119
67 68
67 71
67 73
67 74
67 79
67 82
67 83
67 84
67 85
67 89
67 90
67 91
67 93
67 94
67 97
67 98
67 101
67 109
67 111
67 113
67 114
67 117
67 118
67 119
68 70
68 72
68 73
68 75
68 76
68 78
68 79
68 81
68 84
68 85
68 86
68 88
68 89
68 92
68 94
68 95
68 97
68 98
68 101
68 102
68 103
68 104
68 105
68 108
68 110
68 111
68 112
68 113
68 114
68 116
68 117
68 119
69 72
69 73
69 74
69 75
69 78
69 80
69 81
69 82
69 84
69 85
69 87
69 88
69 89
69 90
69 94
69 96
69 98
69 99
69 100
69 101
69 102
69 103
69 104
69 105
69 106
69 110
69 113
69 114
69 115
69 116
69 118
69 119
70 71
70 72
70 73
70 74
70 75
70 76
70 79
70 82
70 86
70 87
70 89
70 91
70 92
70 93
70 96
70 97
70 98
70 101
70 102
70 103
70 105
70 107
70 110
70 111
70 112
70 113
70 115
70 117
71 72
71 73
71 74
71 78
71 81
71 82
71 85
71 87
71 89
71 90
71 91
71 92
71 93
71 95
71 97
71 99
71 100
71 101
71 106
71 107
71 108
71 111
71 113
71 115
71 119
72 75
72 77
72 78
72 80
72 81
72 82
72 84
72 85
72 86
72 87
72 89
72 92
72 93
72 94
72 97
72 98
72 99
72 102
72 103
72 108
72 110
72 111
72 112
72 114
72 117
72 118
73 74
73 77
73 79
73 80
73 81
73 82
73 85
73 89
73 90
73 92
73 94
73 97
73 98
73 99
73 101
73 103
73 106
73 108
73 109
73 111
73 112
73 114
73 116
73 118
74 75
74 76
74 77
74 78
74 79
74 80
74 82
74 83
74 85
74 86
74 89
74 90
74 91
74 93
74 94
74 96
74 98
74 99
74 102
74 103
74 104
74 105
74 106
74 108
74 111
74 112
74 113
74 114
74 117
75 76
75 79
75 81
75 85
75 89
75 90
75 91
75 93
75 95
75 99
75 100
75 103
75 105
75 108
75 110
75 114
75 115
75 116
75 118
76 79
76 80
76 81
76 83
76 84
76 85
76 87
76 89
76 90
76 92
76 94
76 98
76 99
76 100
76 101
76 102
76 103
76 104
76 105
76 106
76 107
76 108
76 109
76 110
76 111
76 112
76 114
76 116
76 118
76 119
77 78
77 79
77 80
77 81
77 83
77 84
77 86
77 88
77 93
77 94
77 95
77 98
77 100
77 101
77 103
77 104
77 105
77 106
77 108
77 109
77 110
77 113
78 79
78 81
78 82
78 85
78 86
78 88
78 91
78 93
78 96
78 97
78 100
78 101
78 102
78 103
78 104
78 105
78 106
78 107
78 108
78 109
78 110
78 111
78 112
78 113
78 114
78 116
78 118
78 119
79 82
79 84
79 86
79 87
79 89
79 90
79 92
79 93
79 96
79 97
79 98
79 99
79 101
79 103
79 105
79 106
79 107
79 108
79 109
79 110
79 111
79 113
79 114
79 115
79 117
79 118
79 119
80 83
80 84
80 85
80 87
80 89
80 91
80 94
80 96
80 97
80 99
80 100
80 101
80 102
80 103
80 104
80 105
80 106
80 107
80 109
80 110
80 111
80 113
80 114
80 115
80 116
80 118
80 119
81 82
81 84
81 87
81 88
81 90
81 91
81 93
81 95
81 96
81 99
81 101
81 103
81 105
81 106
81 108
81 109
81 110
81 111
81 113
81 114
81 115
81 117
81 118
81 119
82 84
82 85
82 86
82 87
82 89
82 90
82 91
82 92
82 94
82 95
82 97
82 98
82 99
82 101
82 104
82 105
82 107
82 108
82 111
82 113
82 114
82 117
82 118
83 85
83 86
83 91
83 92
83 93
83 95
83 96
83 97
83 100
83 101
83 103
83 104
83 105
83 107
83 109
83 110
83 111
83 112
83 114
83 115
83 117
83 118
84 88
84 89
84 90
84 92
84 93
84 94
84 96
84 98
84 100
84 101
84 103
84 104
84 105
84 106
84 107
84 108
84 109
84 110
84 115
84 116
84 117
84 119
85 86
85 87
85 88
85 89
85 91
85 92
85 94
85 95
85 96
85 97
85 98
85 99
85 100
85 104
85 107
85 109
85 110
85 112
85 113
85 116
85 118
85 119
86 87
86 88
86 90
86 91
86 93
86 94
86 95
86 96
86 97
86 98
86 99
86 100
86 106
86 109
86 110
86 111
86 113
86 114
86 115
86 119
87 92
87 94
87 95
87 97
87 98
87 99
87 101
87 102
87 103
87 105
87 106
87 107
87 110
87 113
87 114
87 117
87 118
87 119
88 90
88 91
88 96
88 97
88 99
88 102
88 103
88 104
88 105
88 108
88 112
88 113
88 115
88 117
88 118
89 93
89 94
89 95
89 96
89 97
89 98
89 99
89 100
89 101
89 104
89 105
89 106
89 108
89 109
89 111
89 112
89 113
89 114
89 116
90 91
90 93
90 94
90 95
90 96
90 98
90 100
90 102
90 103
90 107
90 108
90 111
90 112
90 114
90 117
90 119
91 92
91 93
91 94
91 95
91 96
91 97
91 101
91 103
91 105
91 106
91 109
91 112
91 114
91 115
91 116
91 117
91 118
91 119
92 93
92 97
92 99
92 100
92 101
92 102
92 103
92 107
92 108
92 110
92 111
92 112
92 114
92 119
93 94
93 97
93 101
93 103
93 104
93 105
93 108
93 110
93 111
93 112
93 116
93 119
94 95
94 98
94 103
94 104
94 107
94 108
94 110
94 111
94 113
94 117
94 118
94 119
95 96
95 98
95 100
95 102
95 106
95 107
95 108
95 110
95 111
95 112
95 117
95 119
96 97
96 98
96 99
96 100
96 101
96 102
96 104
96 105
96 106
96 109
96 110
96 116
96 117
96 118
97 98
97 99
97 102
97 103
97 106
97 107
97 108
97 109
97 111
97 112
97 113
97 115
97 117
97 118
97 119
98 99
98 102
98 106
98 110
98 112
98 114
98 115
98 116
98 117
98 118
98 119
99 100
99 103
99 104
99 105
99 106
99 107
99 108
99 109
99 111
99 112
99 114
99 115
99 116
99 119
100 101
100 102
100 103
100 105
100 106
100 107
100 109
100 110
100 111
100 112
100 114
100 115
100 116
100 117
100 118
101 102
101 103
101 107
101 108
101 110
101 112
101 113
101 114
101 117
101 118
101 119
102 104
102 106
102 108
102 109
102 110
102 112
102 113
102 114
102 115
102 116
102 117
103 104
103 108
103 109
103 110
103 111
103 112
103 114
103 115
103 116
103 117
103 118
104 105
104 107
104 108
104 110
104 112
104 113
104 114
104 116
104 118
104 119
105 107
105 108
105 109
105 110
105 115
105 118
105 119
106 107
106 108
106 110
106 112
106 113
106 115
106 116
106 117
106 119
107 108
107 111
107 113
107 114
107 117
107 118
108 110
108 112
108 114
108 117
108 118
109 110
109 112
109 113
109 115
109 116
109 119
110 111
110 112
110 113
110 114
110 117
110 118
110 119
111 112
111 113
111 114
111 115
111 116
111 117
111 118
111 119
112 113
112 114
112 115
112 118
113 118
114 117
115 116
115 117
115 118
115 119
116 118
116 119
117 118
117 119
