35 131
0 4
0 21
0 23
0 26
0 31
0 33
1 4
1 12
1 16
1 19
1 20
1 30
1 31
1 33
2 3
2 4
2 11
2 13
2 14
2 17
2 22
2 25
2 27
2 28
2 34
3 6
3 7
3 10
4 7
4 10
4 11
4 14
4 19
4 28
4 29
4 33
5 6
5 8
5 15
5 16
5 17
5 18
5 22
6 20
6 21
6 24
6 34
7 8
7 11
7 12
7 15
7 21
7 22
7 33
8 9
8 10
8 15
8 21
8 24
8 25
8 27
8 30
9 13
9 33
9 34
10 12
10 22
11 17
11 18
11 19
11 33
12 18
12 20
12 32
12 34
13 14
13 19
13 22
13 24
13 25
13 27
13 28
13 29
14 23
14 27
14 31
15 22
15 26
16 20
16 25
16 33
17 23
18 23
18 24
18 30
19 20
19 28
19 32
20 24
20 25
20 30
20 32
21 22
21 25
21 30
21 33
22 24
22 25
22 27
22 30
23 25
23 26
23 32
24 27
24 30
24 32
24 33
25 26
25 30
25 32
25 34
26 34
27 30
27 34
28 31
29 30
29 33
30 31
30 33
31 32
32 34
