40 392
0 1
0 2
0 6
0 7
0 9
0 13
0 16
0 17
0 18
0 21
0 23
0 24
0 27
0 29
0 30
0 34
0 35
0 37
0 38
0 39
1 3
1 5
1 8
1 10
1 11
1 12
1 13
1 14
1 18
1 20
1 21
1 22
1 23
1 24
1 25
1 26
1 27
1 28
1 36
1 37
1 39
2 5
2 7
2 10
2 11
2 12
2 13
2 14
2 17
2 18
2 20
2 23
2 24
2 25
2 27
2 29
2 31
2 32
2 34
2 35
2 36
3 4
3 6
3 8
3 9
3 10
3 14
3 17
3 23
3 24
3 28
3 31
3 32
3 34
3 36
3 37
4 5
4 6
4 7
4 8
4 9
4 11
4 15
4 18
4 19
4 20
4 22
4 23
4 24
4 25
4 26
4 28
4 29
4 30
4 32
4 33
4 34
4 36
4 37
4 38
5 6
5 7
5 8
5 9
5 11
5 13
5 14
5 15
5 16
5 17
5 19
5 20
5 22
5 23
5 27
5 28
5 32
5 35
5 37
5 39
6 9
6 10
6 11
6 15
6 16
6 20
6 22
6 26
6 27
6 28
6 30
6 32
6 34
6 36
6 37
6 39
7 8
7 9
7 11
7 12
7 14
7 15
7 16
7 17
7 18
7 23
7 24
7 26
7 31
7 32
7 37
7 39
8 11
8 16
8 25
8 27
8 28
8 30
8 31
8 33
8 34
9 10
9 11
9 15
9 19
9 20
9 22
9 23
9 24
9 27
9 29
9 38
10 12
10 13
10 16
10 20
10 21
10 23
10 26
10 27
10 28
10 29
10 31
10 32
10 33
10 34
10 35
10 39
11 13
11 17
11 19
11 20
11 21
11 23
11 24
11 26
11 28
11 30
11 31
11 34
11 35
11 36
11 37
11 39
12 15
12 17
12 23
12 24
12 26
12 28
12 29
12 33
12 34
12 38
12 39
13 14
13 16
13 18
13 25
13 27
13 28
13 33
13 36
13 39
14 15
14 17
14 18
14 19
14 20
14 21
14 22
14 23
14 24
14 27
14 32
14 33
14 35
14 36
14 37
15 16
15 17
15 19
15 23
15 24
15 25
15 27
15 28
15 29
15 30
15 33
15 37
15 38
15 39
16 17
16 20
16 23
16 28
16 30
16 31
16 36
16 37
16 38
16 39
17 18
17 19
17 21
17 22
17 24
17 25
17 26
17 27
17 32
17 35
17 37
17 38
18 19
18 23
18 25
18 26
18 28
18 29
18 32
18 34
18 39
19 21
19 22
19 23
19 25
19 26
19 27
19 28
19 30
19 35
19 38
19 39
20 22
20 24
20 28
20 30
20 33
20 35
20 36
20 37
20 38
21 22
21 26
21 27
21 28
21 29
21 32
21 33
21 34
21 37
21 38
22 23
22 25
22 27
22 28
22 31
22 33
22 36
22 37
23 25
23 29
23 32
23 36
23 39
24 32
24 35
25 27
25 30
25 31
25 33
25 37
25 38
26 29
26 30
26 32
26 33
26 34
26 35
26 36
26 37
27 28
27 29
27 30
27 32
27 33
27 35
27 37
27 38
28 33
28 34
28 35
28 36
28 37
28 39
29 30
29 31
29 33
29 35
29 37
30 32
30 33
30 34
30 36
30 37
30 38
30 39
31 32
31 37
31 38
31 39
32 33
32 34
32 35
32 36
32 39
33 35
33 36
33 37
33 39
34 35
34 37
34 38
35 38
35 39
36 37
36 38
37 38
37 39
38 39
