25 147
0 4
0 5
0 6
0 10
0 13
0 15
0 18
0 19
0 20
0 22
0 23
1 4
1 6
1 8
1 11
1 12
1 14
1 15
1 16
1 17
1 19
1 20
1 22
1 23
2 4
2 6
2 7
2 9
2 13
2 14
2 15
2 16
2 17
2 23
3 4
3 5
3 7
3 8
3 15
3 16
3 18
3 21
3 22
4 9
4 11
4 12
4 13
4 14
4 15
4 16
4 17
4 22
4 23
5 7
5 11
5 15
5 16
5 17
5 18
5 20
5 22
5 24
6 7
6 12
6 14
6 16
6 19
6 21
6 22
7 8
7 10
7 11
7 12
7 14
7 16
7 17
7 20
7 21
7 22
7 23
8 9
8 11
8 14
8 16
8 17
8 20
8 21
9 10
9 12
9 14
9 15
9 18
9 20
9 21
9 22
9 23
10 12
10 14
10 15
10 17
10 18
10 20
10 21
10 22
11 13
11 14
11 15
11 18
11 21
11 22
11 23
12 14
12 15
12 17
12 19
12 20
12 21
12 23
12 24
13 16
13 17
13 19
13 21
13 22
14 19
14 23
15 16
15 18
15 22
16 17
16 18
16 20
17 18
17 22
18 21
18 24
19 20
19 21
19 22
19 23
19 24
20 22
20 23
20 24
21 22
21 24
23 24
