40 165
0 6
0 8
0 12
0 17
0 18
0 22
0 24
0 30
0 33
0 36
0 37
1 4
1 9
1 10
1 11
1 17
1 30
1 33
1 34
2 19
2 24
2 28
2 32
2 35
2 37
2 38
3 6
3 10
3 11
3 17
3 22
3 23
3 25
3 29
3 38
4 8
4 23
4 28
5 11
5 13
5 27
5 28
5 31
5 36
6 8
6 11
6 15
6 21
6 25
6 33
7 20
7 23
7 30
7 32
8 9
8 14
8 15
8 25
8 30
8 33
8 36
9 14
9 16
9 17
9 24
9 27
9 30
9 32
9 33
9 34
9 39
10 20
10 25
10 30
10 36
10 37
11 18
11 19
11 20
11 26
12 14
12 34
13 20
13 22
13 26
13 30
13 36
14 15
14 21
14 25
14 26
14 35
14 37
15 18
15 24
15 31
15 32
15 37
16 19
16 20
16 36
17 18
17 28
17 30
17 31
17 34
17 35
18 28
18 33
18 35
18 38
19 20
19 22
19 26
19 29
19 30
19 34
19 36
20 32
20 38
21 23
21 24
21 26
21 28
21 34
21 36
21 37
22 27
22 28
22 29
22 35
22 37
23 24
23 26
23 28
23 37
23 39
24 30
24 38
25 28
25 30
25 33
25 34
26 28
26 34
26 37
27 33
27 35
28 31
28 38
29 33
29 37
29 38
30 32
30 36
30 39
31 33
31 34
31 35
32 34
32 39
33 34
33 38
35 36
37 38
