35 302
0 1
0 5
0 7
0 8
0 9
0 10
0 12
0 15
0 19
0 20
0 23
0 28
0 29
0 30
0 31
0 32
0 34
1 2
1 3
1 4
1 5
1 6
1 7
1 8
1 9
1 10
1 11
1 12
1 14
1 15
1 16
1 18
1 19
1 20
1 22
1 23
1 24
1 25
1 27
1 29
1 30
1 34
2 4
2 7
2 11
2 12
2 13
2 16
2 17
2 18
2 22
2 23
2 28
2 31
2 33
3 7
3 8
3 9
3 11
3 14
3 16
3 19
3 20
3 23
3 24
3 26
3 28
3 29
3 30
4 5
4 7
4 9
4 11
4 12
4 14
4 18
4 21
4 23
4 24
4 26
4 27
4 28
4 30
4 31
4 32
4 34
5 6
5 7
5 8
5 18
5 19
5 21
5 22
5 23
5 25
5 27
5 29
5 30
5 32
5 34
6 7
6 8
6 12
6 13
6 19
6 20
6 21
6 24
6 27
6 28
6 34
7 8
7 9
7 10
7 12
7 13
7 14
7 15
7 18
7 20
7 25
7 26
7 27
7 28
7 29
7 31
7 32
7 33
8 9
8 10
8 11
8 14
8 15
8 19
8 21
8 22
8 23
8 26
8 29
8 30
8 31
8 34
9 11
9 12
9 13
9 14
9 18
9 19
9 25
9 26
9 28
9 30
9 31
9 32
9 33
10 13
10 15
10 21
10 22
10 23
10 25
10 26
10 29
10 30
10 33
11 12
11 17
11 19
11 23
11 24
11 25
11 26
11 27
11 32
12 13
12 14
12 15
12 18
12 20
12 22
12 23
12 24
12 25
12 28
12 31
13 14
13 15
13 16
13 18
13 20
13 23
13 25
13 26
13 28
13 32
13 33
13 34
14 18
14 20
14 23
14 24
14 25
14 31
14 32
15 16
15 17
15 18
15 19
15 22
15 25
15 27
15 29
15 32
15 33
16 17
16 18
16 19
16 21
16 22
16 26
16 29
16 32
16 33
17 18
17 24
17 26
17 28
17 34
18 19
18 22
18 25
18 26
18 28
18 31
18 32
18 34
19 21
19 22
19 26
19 27
19 29
19 32
20 21
20 23
20 25
20 26
20 27
20 29
20 30
20 32
21 23
21 24
21 26
21 27
21 28
21 29
21 30
21 32
22 23
22 28
22 31
22 32
22 33
22 34
23 24
23 25
23 26
23 32
24 25
24 27
24 28
24 29
24 31
24 32
24 33
25 27
25 28
25 30
25 31
25 32
25 33
25 34
26 27
26 28
26 34
27 29
27 30
27 31
27 34
28 31
28 32
28 33
29 32
29 33
29 34
30 31
30 33
30 34
31 32
32 33
32 34
33 34
