1.0 0.1025 0.015165235738358965
1.4623140061070936 0.1775 0.019104564245226847
2.138362252456977 0.1675 0.018671083926756905
3.1269570718985507 0.24 0.021354156504062624
4.572593122732877 0.23 0.021041625412500813
6.68656696760126 0.265 0.02206666037260736
9.777860529496357 0.3375 0.023642850399222173
14.298302402044245 0.285 0.02257072218605333
20.908607866064003 0.425 0.024717149916606486
30.574950130746345 0.4425 0.024834137291236836
44.7101778122163 0.43 0.024753787588973127
65.38031923034248 0.46 0.024919871588754226
95.60655653428279 0.48 0.024979991993593593
139.80680669575133 0.4475 0.02486180554585688
204.4414515803042 0.5175 0.024984682807672385
298.9575980747441 0.54 0.024919871588754226
437.1698828968334 0.5725 0.02473579137606072
639.2796428082377 0.5725 0.02473579137606072
934.827575497626 0.5825 0.024657339171127123
1367.011456945315 0.6025 0.02446904932767107
1998.9999999999989 0.6775 0.023371657515033034
