0.0 0.002 0.0019979989989987483
0.05 0.002 0.0019979989989987483
0.1 0.002 0.0019979989989987483
0.15000000000000002 0.01 0.0044497190922573975
0.2 0.022 0.006559878047646922
0.25 0.126 0.01484075469779081
0.30000000000000004 0.576 0.022100859711784968
0.35000000000000003 0.878 0.014636666287102402
0.4 0.952 0.009559916317625384
0.45 0.992 0.003983967871356396
0.5 0.996 0.002822764602300377
0.55 1.0 0.0
0.6000000000000001 0.998 0.001997998998998749
0.65 0.998 0.001997998998998749
0.7000000000000001 0.996 0.002822764602300377
0.75 1.0 0.0
0.8 0.994 0.0034536936748935927
0.8500000000000001 0.984 0.00561141693336006
0.9 0.988 0.004869496893930627
0.9500000000000001 0.986 0.0052543315464481325
1.0 0.982 0.005945754788082
1.05 0.988 0.004869496893930627
1.1 0.97 0.007628892449104264
1.1500000000000001 0.986 0.0052543315464481325
1.2000000000000002 0.966 0.008104813384649892
1.25 0.966 0.008104813384649892
1.3 0.972 0.0073778045514909145
1.35 0.98 0.006260990336999414
1.4000000000000001 0.976 0.006844559883586383
1.4500000000000002 0.97 0.007628892449104264
1.5 0.966 0.008104813384649892
1.55 0.946 0.010107818755794947
1.6 0.938 0.010784804124322337
1.6500000000000001 0.956 0.009172131704244116
1.7000000000000002 0.934 0.01110351295761841
1.75 0.918 0.012269963325128561
1.8 0.928 0.0115599307956406
1.85 0.954 0.009368457717255283
1.9000000000000001 0.94 0.010620734437881408
1.9500000000000002 0.944 0.010282412168358165
2.0 0.932 0.01125841907196565
