0.0 0.0 0.0
0.05 0.0 0.0
0.1 0.0 0.0
0.15000000000000002 0.086 0.012538261442480771
0.2 0.29 0.020292855885754472
0.25 0.332 0.02106067425321421
0.30000000000000004 0.204 0.018021320706318948
0.35000000000000003 0.138 0.01542439626046997
0.4 0.164 0.0165592270351004
0.45 0.104 0.013651666564928987
0.5 0.078 0.011992997957141493
0.55 0.058 0.010453324829928513
0.6000000000000001 0.034 0.008104813384649889
0.65 0.038 0.00855055553750749
0.7000000000000001 0.046 0.00936845771725528
0.75 0.022 0.006559878047646922
0.8 0.004 0.002822764602300376
0.8500000000000001 0.018 0.005945754788081997
0.9 0.006 0.0034536936748935914
0.9500000000000001 0.002 0.0019979989989987483
1.0 0.008 0.003983967871356395
