1.0 0.315 0.023225793850803037
1.4623140061070936 0.42 0.024677925358506134
2.138362252456977 0.375 0.024206145913796356
3.1269570718985507 0.375 0.024206145913796356
4.572593122732877 0.41 0.024591665254715876
6.68656696760126 0.5725 0.02473579137606072
9.777860529496357 0.5675 0.02477113996165699
14.298302402044245 0.5725 0.02473579137606072
20.908607866064003 0.64 0.024
30.574950130746345 0.64 0.024
44.7101778122163 0.59 0.024591665254715876
65.38031923034248 0.625 0.024206145913796356
95.60655653428279 0.5625 0.024803918541230537
139.80680669575133 0.625 0.024206145913796356
204.4414515803042 0.57 0.024753787588973127
298.9575980747441 0.6275 0.02417352632530058
437.1698828968334 0.6525 0.023808808769024966
639.2796428082377 0.6125 0.024358969087381346
934.827575497626 0.515 0.024988747467610296
1367.011456945315 0.5025 0.02499968749804685
1998.9999999999989 0.4975 0.02499968749804685
