0.0 0.0 0.0
0.05 0.0 0.0
0.1 0.0 0.0
0.15000000000000002 0.01 0.0044497190922573975
0.2 0.208 0.018151363585141474
0.25 0.212 0.018278730809331376
0.30000000000000004 0.124 0.014739335127474372
0.35000000000000003 0.064 0.010945684080951725
0.4 0.064 0.010945684080951725
0.45 0.042 0.008970618707759236
0.5 0.018 0.005945754788081997
0.55 0.022 0.006559878047646922
0.6000000000000001 0.01 0.0044497190922573975
0.65 0.006 0.0034536936748935914
0.7000000000000001 0.008 0.003983967871356395
0.75 0.004 0.002822764602300376
0.8 0.008 0.003983967871356395
0.8500000000000001 0.004 0.002822764602300376
0.9 0.004 0.002822764602300376
0.9500000000000001 0.002 0.0019979989989987483
1.0 0.004 0.002822764602300376
