0.0 0.0 0.0
0.05 0.0 0.0
0.1 0.0 0.0
0.15000000000000002 0.0 0.0
0.2 0.0 0.0
0.25 0.008 0.003983967871356395
0.30000000000000004 0.15 0.015968719422671314
0.35000000000000003 0.33 0.02102855201862458
0.4 0.34 0.021184900282984576
0.45 0.326 0.020963015050321363
0.5 0.26 0.019616319736382767
0.55 0.222 0.018585801031970616
0.6000000000000001 0.164 0.0165592270351004
0.65 0.134 0.015234434679370286
0.7000000000000001 0.192 0.017614539448989292
0.75 0.098 0.013296315279053818
0.8 0.15 0.015968719422671314
0.8500000000000001 0.132 0.01513776733867977
0.9 0.092 0.012925633446759968
0.9500000000000001 0.074 0.011706750189527408
1.0 0.078 0.011992997957141493
