0.0 0.0 0.0
0.05 0.0 0.0
0.1 0.0 0.0
0.15000000000000002 0.01 0.0044497190922573975
0.2 0.09 0.012798437404620925
0.25 0.112 0.014103616557464968
0.30000000000000004 0.118 0.014427473791346842
0.35000000000000003 0.082 0.012269963325128565
0.4 0.098 0.013296315279053818
0.45 0.032 0.007870959280799261
0.5 0.048 0.009559916317625379
0.55 0.028 0.007377804551490911
0.6000000000000001 0.05 0.009746794344808964
0.65 0.03 0.00762889244910426
0.7000000000000001 0.008 0.003983967871356395
0.75 0.01 0.0044497190922573975
0.8 0.006 0.0034536936748935914
0.8500000000000001 0.004 0.002822764602300376
0.9 0.008 0.003983967871356395
0.9500000000000001 0.004 0.002822764602300376
1.0 0.004 0.002822764602300376
