0.0 0.0026003063004234445
0.020202020202020204 0.002894946529449353
0.04040404040404041 0.0033951254127679914
0.06060606060606061 0.004275582882177604
0.08080808080808081 0.005880728808973028
0.10101010101010102 0.00892063423360701
0.12121212121212122 0.014879107105334083
0.14141414141414144 0.02682464760560605
0.16161616161616163 0.0508432602081682
0.18181818181818182 0.09775383410492901
0.20202020202020204 0.18254388126102827
0.22222222222222224 0.31621530491179867
0.24242424242424243 0.4901360790409979
0.26262626262626265 0.6700025936620823
0.2828282828282829 0.8158975705600364
0.30303030303030304 0.9098791489797085
0.32323232323232326 0.9597711370902343
0.3434343434343435 0.9828428593893079
0.36363636363636365 0.9927200810669825
0.38383838383838387 0.996841210895528
0.4040404040404041 0.9985759757241769
0.42424242424242425 0.999326641832794
0.4444444444444445 0.9996605768126858
0.4646464646464647 0.9998078386653404
0.48484848484848486 0.9998660049282361
0.5050505050505051 0.9998837131291904
0.5252525252525253 0.9998982636051257
0.5454545454545455 0.9999113678645084
0.5656565656565657 0.999921884934658
0.5858585858585859 0.999928871744491
0.6060606060606061 0.9999316532052402
0.6262626262626263 0.9999299313367073
0.6464646464646465 0.9999238092524819
0.6666666666666667 0.9999138306050057
0.686868686868687 0.9999008743266795
0.7070707070707072 0.9998857510899208
0.7272727272727273 0.9998687828311315
0.7474747474747475 0.99984977320087
0.7676767676767677 0.9998281561219474
0.787878787878788 0.9998030393379653
0.8080808080808082 0.9997733343649609
0.8282828282828284 0.9997379051453295
0.8484848484848485 0.9996956141022099
0.8686868686868687 0.9996453069850446
0.888888888888889 0.9995857740244823
0.9090909090909092 0.999515695841563
0.9292929292929294 0.999433595534517
0.9494949494949496 0.9993378193595537
0.9696969696969697 0.9992265590637834
0.98989898989899 0.9990979077920437
1.0101010101010102 0.9989499302775549
1.0303030303030305 0.998780729226638
1.0505050505050506 0.9985884966289862
1.0707070707070707 0.9983715478185594
1.090909090909091 0.9981283453818837
1.1111111111111112 0.9978575159503372
1.1313131313131315 0.9975578588150118
1.1515151515151516 0.9972283402400297
1.1717171717171717 0.9968680724343224
1.191919191919192 0.9964762857247997
1.2121212121212122 0.9960523046278008
1.2323232323232325 0.9955955344484974
1.2525252525252526 0.9951054568346247
1.272727272727273 0.9945816288534652
1.292929292929293 0.9940236822723986
1.3131313131313131 0.9934313208887009
1.3333333333333335 0.9928043144764854
1.3535353535353536 0.9921424902375497
1.373737373737374 0.9914457237616245
1.393939393939394 0.9907139308117234
1.4141414141414144 0.9899470606751862
1.4343434343434345 0.9891450914002042
1.4545454545454546 0.9883080264838715
1.474747474747475 0.9874358922424484
1.494949494949495 0.9865287355232891
1.5151515151515154 0.9855866218596684
1.5353535353535355 0.9846096341447386
1.5555555555555556 0.983597871742049
1.575757575757576 0.9825514499710026
1.595959595959596 0.9814704999736164
1.6161616161616164 0.9803551689074415
1.6363636363636365 0.979205620290714
1.6565656565656568 0.9780220343095498
1.676767676767677 0.9768046079911649
1.696969696969697 0.9755535552414039
1.7171717171717173 0.9742691067692721
1.7373737373737375 0.9729515099002435
1.7575757575757578 0.9716010282673422
1.777777777777778 0.9702179413859424
1.7979797979797982 0.9688025441413939
1.8181818181818183 0.9673551462263351
1.8383838383838385 0.9658760715513786
1.8585858585858588 0.9643656576377647
1.878787878787879 0.9628242549913462
1.8989898989898992 0.9612522264595524
1.9191919191919193 0.9596499465789672
1.9393939393939394 0.9580178009237718
1.9595959595959598 0.9563561854635652
1.97979797979798 0.9546655059333977
2.0 0.9529461772153128
