0.0 0.0 0.0
0.05 0.0 0.0
0.1 0.0 0.0
0.15000000000000002 0.054 0.010107818755794942
0.2 0.138 0.01542439626046997
0.25 0.092 0.012925633446759968
0.30000000000000004 0.062 0.010784804124322332
0.35000000000000003 0.038 0.00855055553750749
0.4 0.016 0.005611416933360059
0.45 0.014 0.00525433154644813
0.5 0.01 0.0044497190922573975
0.55 0.004 0.002822764602300376
0.6000000000000001 0.002 0.0019979989989987483
0.65 0.0 0.0
0.7000000000000001 0.002 0.0019979989989987483
0.75 0.0 0.0
0.8 0.0 0.0
0.8500000000000001 0.002 0.0019979989989987483
0.9 0.0 0.0
0.9500000000000001 0.0 0.0
1.0 0.0 0.0
