0.0 0.004 0.002822764602300376
0.05 0.122 0.014636666287102402
0.1 0.602 0.02189045454073533
0.15000000000000002 0.85 0.015968719422671314
0.2 0.904 0.013174520864152895
0.25 0.918 0.012269963325128561
0.30000000000000004 0.918 0.012269963325128561
0.35000000000000003 0.93 0.011410521460476728
0.4 0.908 0.012925633446759966
0.45 0.922 0.01199299795714149
0.5 0.934 0.01110351295761841
0.55 0.928 0.0115599307956406
0.6000000000000001 0.886 0.014212951839783317
0.65 0.878 0.014636666287102402
0.7000000000000001 0.866 0.015234434679370286
0.75 0.83 0.016798809481626965
0.8 0.842 0.016311713582576173
0.8500000000000001 0.822 0.01710648999648964
0.9 0.854 0.015791390059142988
0.9500000000000001 0.836 0.0165592270351004
1.0 0.83 0.016798809481626965
1.05 0.832 0.01671980861134481
1.1 0.82 0.017181385275931625
1.1500000000000001 0.774 0.01870422412183943
1.2000000000000002 0.804 0.01775297158224504
1.25 0.792 0.018151363585141474
1.3 0.632 0.021567382780485908
1.35 0.688 0.020719845559269985
1.4000000000000001 0.7 0.020493901531919198
1.4500000000000002 0.666 0.02109236828807993
1.5 0.672 0.02099599961897504
1.55 0.654 0.021273645667821018
1.6 0.696 0.020571047615520217
1.6500000000000001 0.7 0.020493901531919198
1.7000000000000002 0.65 0.02133072900770154
1.75 0.684 0.020791536739741004
1.8 0.782 0.018464885594013304
1.85 0.704 0.020414896521902825
1.9000000000000001 0.73 0.019854470529329156
1.9500000000000002 0.722 0.020035768016225385
2.0 0.69 0.02068332661831747
