0.0 0.0 0.0
0.05 0.0 0.0
0.1 0.0 0.0
0.15000000000000002 0.0 0.0
0.2 0.0 0.0
0.25 0.004 0.002822764602300376
0.30000000000000004 0.042 0.008970618707759236
0.35000000000000003 0.12 0.014532721699667961
0.4 0.104 0.013651666564928987
0.45 0.07 0.011410521460476731
0.5 0.05 0.009746794344808964
0.55 0.044 0.009172131704244111
0.6000000000000001 0.032 0.007870959280799261
0.65 0.02 0.006260990336999411
0.7000000000000001 0.012 0.004869496893930624
0.75 0.018 0.005945754788081997
0.8 0.008 0.003983967871356395
0.8500000000000001 0.012 0.004869496893930624
0.9 0.008 0.003983967871356395
0.9500000000000001 0.004 0.002822764602300376
1.0 0.006 0.0034536936748935914
