0.0 0.0012385435741689686
0.020202020202020204 0.001396783359949163
0.04040404040404041 0.001665132231414132
0.06060606060606061 0.002147945129606338
0.08080808080808081 0.0030592914011205287
0.10101010101010102 0.0048713195731852794
0.12121212121212122 0.008665908215558585
0.14141414141414144 0.01692053337399707
0.16161616161616163 0.03514175592145034
0.18181818181818182 0.07454346615128987
0.20202020202020204 0.15352379866948232
0.22222222222222224 0.28987389653159634
0.24242424242424243 0.47833112868527145
0.26262626262626265 0.6765013257360974
0.2828282828282829 0.8322438877589715
0.30303030303030304 0.9253846632207698
0.32323232323232326 0.9700024815218868
0.3434343434343435 0.9884309560202917
0.36363636363636365 0.995505990285929
0.38383838383838387 0.9981815069130546
0.4040404040404041 0.9992161194556067
0.42424242424242425 0.9996329611732112
0.4444444444444445 0.999804262054141
0.4646464646464647 0.9998687070448037
0.48484848484848486 0.999884628269422
0.5050505050505051 0.9998828476647789
0.5252525252525253 0.9998873242362598
0.5454545454545455 0.9998967688742376
0.5656565656565657 0.9999084872726081
0.5858585858585859 0.9999202268021922
0.6060606060606061 0.9999303232482275
0.6262626262626263 0.9999375748886001
0.6464646464646465 0.9999414702654539
0.6666666666666667 0.9999419135854426
0.686868686868687 0.9999390658477284
0.7070707070707072 0.999933293481611
0.7272727272727273 0.9999251010886419
0.7474747474747475 0.9999150958875999
0.7676767676767677 0.9999038143150119
0.787878787878788 0.9998914899483126
0.8080808080808082 0.9998778928718036
0.8282828282828284 0.9998624586805249
0.8484848484848485 0.9998444409338801
0.8686868686868687 0.999822925180486
0.888888888888889 0.9997968876521304
0.9090909090909092 0.999765280408622
0.9292929292929294 0.9997270416078063
0.9494949494949496 0.9996810701107339
0.9696969696969697 0.9996262103181996
0.98989898989899 0.9995612397346452
1.0101010101010102 0.9994848536058117
1.0303030303030305 0.9993956569937394
1.0505050505050506 0.9992921790442978
1.0707070707070707 0.9991729084657104
1.090909090909091 0.9990363396618256
1.1111111111111112 0.9988810166115901
1.1313131313131315 0.9987055683049146
1.1515151515151516 0.9985087317980725
1.1717171717171717 0.9982893632850509
1.191919191919192 0.9980464417143184
1.2121212121212122 0.9977790681656471
1.2323232323232325 0.9974864637142298
1.2525252525252526 0.9971679646690689
1.272727272727273 0.9968230124404989
1.292929292929293 0.9964511379128638
1.3131313131313131 0.9960519427464788
1.3333333333333335 0.9956250826182687
1.3535353535353536 0.9951702566068021
1.373737373737374 0.9946872023294363
1.393939393939394 0.9941756943275253
1.4141414141414144 0.9936355440799886
1.4343434343434345 0.993066600192645
1.4545454545454546 0.9924687472907043
1.474747474747475 0.9918419032613456
1.494949494949495 0.9911860154245518
1.5151515151515154 0.990501056225518
1.5353535353535355 0.9897870190016924
1.5555555555555556 0.9890439144649233
1.575757575757576 0.9882717682225793
1.595959595959596 0.9874706191092291
1.6161616161616164 0.9866405179229254
1.6363636363636365 0.985781526395061
1.6565656565656568 0.9848937164262056
1.676767676767677 0.9839771695942388
1.696969696969697 0.9830319768621774
1.7171717171717173 0.9820582384402712
1.7373737373737375 0.9810560638251671
1.7575757575757578 0.9800255720368596
1.777777777777778 0.9789668920001696
1.7979797979797982 0.9778801629637854
1.8181818181818183 0.9767655348629232
1.8383838383838385 0.9756231685862292
1.8585858585858588 0.9744532361478779
1.878787878787879 0.9732559207716914
1.8989898989898992 0.972031416881986
1.9191919191919193 0.9707799299920283
1.9393939393939394 0.9695016764911041
1.9595959595959598 0.9681968833474084
1.97979797979798 0.9668657877531475
2.0 0.9655086367348945
