1.0 0.055 0.011399013115177999
1.4623140061070936 0.1175 0.01610075696978251
2.138362252456977 0.0525 0.01115165346484547
3.1269570718985507 0.125 0.016535945694153693
4.572593122732877 0.07 0.012757350822173075
6.68656696760126 0.06 0.011874342087037916
9.777860529496357 0.175 0.01899835519196333
14.298302402044245 0.17 0.01878163997099295
20.908607866064003 0.0975 0.014831870246196196
30.574950130746345 0.1475 0.017730182599172518
44.7101778122163 0.235 0.021199941037653856
65.38031923034248 0.165 0.018559027452967464
95.60655653428279 0.185 0.019414878315353924
139.80680669575133 0.285 0.02257072218605333
204.4414515803042 0.2125 0.020453835214941964
298.9575980747441 0.2575 0.021862853770722612
437.1698828968334 0.325 0.023418742493993994
639.2796428082377 0.525 0.02496873044429772
934.827575497626 0.4725 0.02496215886096393
1367.011456945315 0.3575 0.023963187913965036
1998.9999999999989 0.3325 0.023555453190291203
