0.0 0.0 0.0
0.05 0.0 0.0
0.1 0.0 0.0
0.15000000000000002 0.28 0.020079840636817812
0.2 0.804 0.01775297158224504
0.25 0.76 0.019099738218101316
0.30000000000000004 0.754 0.019260529587734602
0.35000000000000003 0.492 0.022357817424784557
0.4 0.546 0.02226584828835407
0.45 0.466 0.022308921982023246
0.5 0.42 0.02207260745811423
0.55 0.324 0.020929596269398033
0.6000000000000001 0.274 0.01994612744369192
0.65 0.244 0.019207498535728174
0.7000000000000001 0.216 0.01840347793217358
0.75 0.186 0.017401379255679705
0.8 0.106 0.013766916866168693
0.8500000000000001 0.128 0.014940950438308804
0.9 0.094 0.013050976974924139
0.9500000000000001 0.056 0.010282412168358162
1.0 0.056 0.010282412168358162
