0.0 0.656 0.02124448163641561
0.05 0.684 0.020791536739741004
0.1 0.816 0.017328819925199756
0.15000000000000002 0.898 0.013534843922262271
0.2 0.932 0.01125841907196565
0.25 0.914 0.01253826144248077
0.30000000000000004 0.96 0.008763560920082661
0.35000000000000003 0.946 0.010107818755794947
0.4 0.938 0.010784804124322337
0.45 0.958 0.00897061870775924
0.5 0.94 0.010620734437881408
0.55 0.916 0.012405160216619531
0.6000000000000001 0.912 0.012669333052690657
0.65 0.912 0.012669333052690657
0.7000000000000001 0.896 0.013651666564928987
0.75 0.802 0.017821111076473318
0.8 0.824 0.017030795636141023
0.8500000000000001 0.836 0.0165592270351004
0.9 0.872 0.014940950438308804
0.9500000000000001 0.832 0.01671980861134481
1.0 0.826 0.016954291492126707
1.05 0.814 0.017401379255679708
1.1 0.764 0.018989681408596616
1.1500000000000001 0.746 0.019467100451787882
1.2000000000000002 0.764 0.018989681408596616
1.25 0.824 0.017030795636141023
1.3 0.74 0.019616319736382767
1.35 0.742 0.019567115270269147
1.4000000000000001 0.798 0.01795527777562909
1.4500000000000002 0.66 0.021184900282984576
1.5 0.676 0.020929596269398033
1.55 0.614 0.0217717247823869
1.6 0.674 0.020963015050321363
1.6500000000000001 0.734 0.019760769215797242
1.7000000000000002 0.624 0.021662132858977667
1.75 0.752 0.019313000802568203
1.8 0.764 0.018989681408596616
1.85 0.624 0.021662132858977667
1.9000000000000001 0.694 0.020608930103234373
1.9500000000000002 0.62 0.021707141681944216
2.0 0.686 0.020755914819636352
