0.0 0.008715094036017054
0.020202020202020204 0.00956301538164714
0.04040404040404041 0.011061403347688807
0.06060606060606061 0.013635590633032697
0.08080808080808081 0.01802948049107756
0.10101010101010102 0.02554948478790457
0.12121212121212122 0.03846503856343618
0.14141414141414144 0.06057943437224374
0.16161616161616163 0.09776046746505172
0.18181818181818182 0.15765975873431298
0.20202020202020204 0.24726758869524906
0.22222222222222224 0.3677639881786453
0.24242424242424243 0.5094886628399506
0.26262626262626265 0.6527128558500845
0.2828282828282829 0.7762738914483627
0.30303030303030304 0.86777046186686
0.32323232323232326 0.9269317080131648
0.3434343434343435 0.9612651577669474
0.36363636363636365 0.9797706229189231
0.38383838383838387 0.9893638833000782
0.4040404040404041 0.9942901043420254
0.42424242424242425 0.9968478754073926
0.4444444444444445 0.9982065518859471
0.4646464646464647 0.9989482417852618
0.48484848484848486 0.9993631391930923
0.5050505050505051 0.9995668998122338
0.5252525252525253 0.9996104460677513
0.5454545454545455 0.9996302374756653
0.5656565656565657 0.9996326272967379
0.5858585858585859 0.9996220267757833
0.6060606060606061 0.9996012710939082
0.6262626262626263 0.9995717531275199
0.6464646464646465 0.9995338210762346
0.6666666666666667 0.9994872762174343
0.686868686868687 0.9994316506157074
0.7070707070707072 0.9993662824442751
0.7272727272727273 0.9992902295201697
0.7474747474747475 0.9992021043651642
0.7676767676767677 0.9990999502422181
0.787878787878788 0.9989812382489096
0.8080808080808082 0.9988429762365961
0.8282828282828284 0.9986818649670357
0.8484848484848485 0.9984944568103813
0.8686868686868687 0.9982773151391752
0.888888888888889 0.9980271570931329
0.9090909090909092 0.9977409438577001
0.9292929292929294 0.99741590504501
0.9494949494949496 0.9970495298268855
0.9696969696969697 0.9966395608316139
0.98989898989899 0.9961839981216499
1.0101010101010102 0.9956811027352358
1.0303030303030305 0.9951293914842672
1.0505050505050506 0.9945276217984365
1.0707070707070707 0.9938747676736712
1.090909090909091 0.9931699917639806
1.1111111111111112 0.9924126190887089
1.1313131313131315 0.991602114606072
1.1515151515151516 0.9907380649249345
1.1717171717171717 0.9898201629334828
1.191919191919192 0.9888481941411871
1.2121212121212122 0.9878220250506349
1.2323232323232325 0.9867415940987923
1.2525252525252526 0.9856069048775367
1.272727272727273 0.9844180211681892
1.292929292929293 0.9831750634373903
1.3131313131313131 0.9818782062417667
1.3333333333333335 0.9805276759697354
1.3535353535353536 0.979123748705665
1.373737373737374 0.9776667482510829
1.393939393939394 0.9761570442791845
1.4141414141414144 0.9745950505109611
1.4343434343434345 0.9729812228592392
1.4545454545454546 0.9713160575784551
1.474747474747475 0.9696000894573785
1.494949494949495 0.9678338900367596
1.5151515151515154 0.9660180658129246
1.5353535353535355 0.96415325641518
1.5555555555555556 0.9622401327754508
1.575757575757576 0.9602793953071521
1.595959595959596 0.9582717720934218
1.6161616161616164 0.9562180170724681
1.6363636363636365 0.9541189082162029
1.6565656565656568 0.951975245714082
1.676767676767677 0.9497878501842223
1.696969696969697 0.9475575609332573
1.7171717171717173 0.9452852342771596
1.7373737373737375 0.9429717419265076
1.7575757575757578 0.9406179694343697
1.777777777777778 0.9382248147047688
1.7979797979797982 0.9357931865608033
1.8181818181818183 0.933324003373171
1.8383838383838385 0.9308181917490599
1.8585858585858588 0.928276685280435
1.878787878787879 0.9257004233490191
1.8989898989898992 0.9230903499844759
1.9191919191919193 0.9204474127721088
1.9393939393939394 0.9177725618076343
1.9595959595959598 0.9150667486966853
1.97979797979798 0.9123309255981749
2.0 0.909566044310155
