0.0 0.0 0.0
0.05 0.0 0.0
0.1 0.0 0.0
0.15000000000000002 0.002 0.0019979989989987483
0.2 0.142 0.015609996796924718
0.25 0.138 0.01542439626046997
0.30000000000000004 0.066 0.011103512957618413
0.35000000000000003 0.044 0.009172131704244111
0.4 0.024 0.00684455988358638
0.45 0.012 0.004869496893930624
0.5 0.016 0.005611416933360059
0.55 0.004 0.002822764602300376
0.6000000000000001 0.002 0.0019979989989987483
0.65 0.002 0.0019979989989987483
0.7000000000000001 0.0 0.0
0.75 0.0 0.0
0.8 0.0 0.0
0.8500000000000001 0.0 0.0
0.9 0.0 0.0
0.9500000000000001 0.0 0.0
1.0 0.0 0.0
