1.0 0.01 0.0049749371855331
1.4623140061070936 0.0175 0.006556247020971678
2.138362252456977 0.025 0.007806247497997998
3.1269570718985507 0.08 0.013564659966250536
4.572593122732877 0.0575 0.011639775556255371
6.68656696760126 0.065 0.01232629303562105
9.777860529496357 0.08 0.013564659966250536
14.298302402044245 0.0775 0.013369157602481915
20.908607866064003 0.0875 0.014128318194321643
30.574950130746345 0.115 0.01595109714094927
44.7101778122163 0.1125 0.015799030824705674
65.38031923034248 0.19 0.019615045245933032
95.60655653428279 0.14 0.01734935157289747
139.80680669575133 0.0925 0.014486523910172517
204.4414515803042 0.1075 0.015487394067434327
298.9575980747441 0.1775 0.019104564245226847
437.1698828968334 0.13 0.016815171720800236
639.2796428082377 0.0775 0.013369157602481915
934.827575497626 0.09 0.014309088021254185
1367.011456945315 0.09 0.014309088021254185
1998.9999999999989 0.0375 0.009499177595981664
