0.0 0.0 0.0
0.05 0.0 0.0
0.1 0.0 0.0
0.15000000000000002 0.078 0.011992997957141493
0.2 0.524 0.02233490541730589
0.25 0.55 0.022248595461286987
0.30000000000000004 0.372 0.021615549958305478
0.35000000000000003 0.376 0.021662132858977667
0.4 0.368 0.021567382780485908
0.45 0.242 0.019153902996517445
0.5 0.27 0.019854470529329156
0.55 0.2 0.01788854381999832
0.6000000000000001 0.228 0.018762515822778138
0.65 0.174 0.016954291492126704
0.7000000000000001 0.17 0.016798809481626965
0.75 0.098 0.013296315279053818
0.8 0.162 0.016477621187537962
0.8500000000000001 0.078 0.011992997957141493
0.9 0.046 0.00936845771725528
0.9500000000000001 0.062 0.010784804124322332
1.0 0.056 0.010282412168358162
