0.0 0.0 0.0
0.05 0.0 0.0
0.1 0.0 0.0
0.15000000000000002 0.0 0.0
0.2 0.008 0.003983967871356395
0.25 0.038 0.00855055553750749
0.30000000000000004 0.092 0.012925633446759968
0.35000000000000003 0.092 0.012925633446759968
0.4 0.058 0.010453324829928513
0.45 0.04 0.008763560920082658
0.5 0.024 0.00684455988358638
0.55 0.03 0.00762889244910426
0.6000000000000001 0.024 0.00684455988358638
0.65 0.018 0.005945754788081997
0.7000000000000001 0.018 0.005945754788081997
0.75 0.016 0.005611416933360059
0.8 0.006 0.0034536936748935914
0.8500000000000001 0.002 0.0019979989989987483
0.9 0.002 0.0019979989989987483
0.9500000000000001 0.006 0.0034536936748935914
1.0 0.0 0.0
