0.0 0.0 0.0
0.05 0.0 0.0
0.1 0.0 0.0
0.15000000000000002 0.1 0.01341640786499874
0.2 0.794 0.01808668018183547
0.25 0.958 0.00897061870775924
0.30000000000000004 0.956 0.009172131704244116
0.35000000000000003 0.942 0.010453324829928518
0.4 0.9 0.013416407864998736
0.45 0.872 0.014940950438308804
0.5 0.834 0.016639951923007473
0.55 0.712 0.020251222185339826
0.6000000000000001 0.708 0.0203340109176719
0.65 0.658 0.021214900423994452
0.7000000000000001 0.536 0.022302645582979612
0.75 0.56 0.02219909908081857
0.8 0.488 0.022354238971613417
0.8500000000000001 0.396 0.02187162545399861
0.9 0.398 0.02189045454073533
0.9500000000000001 0.398 0.02189045454073533
1.0 0.31 0.02068332661831747
