0.0 0.0 0.0
0.05 0.0 0.0
0.1 0.0 0.0
0.15000000000000002 0.028 0.007377804551490911
0.2 0.13 0.015039946808416579
0.25 0.092 0.012925633446759968
0.30000000000000004 0.036 0.008331146379700696
0.35000000000000003 0.014 0.00525433154644813
0.4 0.014 0.00525433154644813
0.45 0.01 0.0044497190922573975
0.5 0.004 0.002822764602300376
0.55 0.014 0.00525433154644813
0.6000000000000001 0.006 0.0034536936748935914
0.65 0.006 0.0034536936748935914
0.7000000000000001 0.0 0.0
0.75 0.0 0.0
0.8 0.002 0.0019979989989987483
0.8500000000000001 0.006 0.0034536936748935914
0.9 0.0 0.0
0.9500000000000001 0.0 0.0
1.0 0.0 0.0
