0.0 8.604637193151443e-05
0.020202020202020204 0.00012133664905681458
0.04040404040404041 0.00015504948503908402
0.06060606060606061 0.00019252369502526344
0.08080808080808081 0.0002489927506962046
0.10101010101010102 0.0003633469405297
0.12121212121212122 0.0006606361745137652
0.14141414141414144 0.0015994085873081818
0.16161616161616163 0.004952761825532333
0.18181818181818182 0.017231587561451146
0.20202020202020204 0.05960734047827431
0.22222222222222224 0.18128125931796696
0.24242424242424243 0.4232775864545665
0.26262626262626265 0.708156462462896
0.2828282828282829 0.8964383052958663
0.30303030303030304 0.9714305840224995
0.32323232323232326 0.992766383226359
0.3434343434343435 0.9979979167251913
0.36363636363636365 0.9992715331538926
0.38383838383838387 0.9996304749891732
0.4040404040404041 0.9997667279248136
0.42424242424242425 0.9998299514183726
0.4444444444444445 0.9998591981208891
0.4646464646464647 0.9998746042186077
0.48484848484848486 0.9998874919901312
0.5050505050505051 0.9998968377419374
0.5252525252525253 0.9999057970292454
0.5454545454545455 0.9999165077140635
0.5656565656565657 0.9999258665749122
0.5858585858585859 0.9999305127074942
0.6060606060606061 0.9999308858662947
0.6262626262626263 0.9999285237550177
0.6464646464646465 0.9999239204537183
0.6666666666666667 0.999917570261879
0.686868686868687 0.9999107066624682
0.7070707070707072 0.9999043189248527
0.7272727272727273 0.9999003143980909
0.7474747474747475 0.9999001212731775
0.7676767676767677 0.9999020751119471
0.787878787878788 0.9999052399383943
0.8080808080808082 0.9999089874130893
0.8282828282828284 0.9999127025502437
0.8484848484848485 0.9999159813083143
0.8686868686868687 0.9999186756114151
0.888888888888889 0.9999207872565717
0.9090909090909092 0.9999223346316659
0.9292929292929294 0.9999233754345227
0.9494949494949496 0.9999240275031599
0.9696969696969697 0.9999243830240142
0.98989898989899 0.999924480793346
1.0101010101010102 0.999924320972976
1.0303030303030305 0.9999238427999972
1.0505050505050506 0.9999228941725629
1.0707070707070707 0.999921237022802
1.090909090909091 0.9999185842735281
1.1111111111111112 0.9999146234425758
1.1313131313131315 0.9999090311811658
1.1515151515151516 0.9999014821152703
1.1717171717171717 0.9998916257720973
1.191919191919192 0.9998790719407566
1.2121212121212122 0.9998634090972963
1.2323232323232325 0.9998442247404062
1.2525252525252526 0.999821099730882
1.272727272727273 0.9997935814204106
1.292929292929293 0.9997611647570886
1.3131313131313131 0.9997232948955057
1.3333333333333335 0.9996793792335513
1.3535353535353536 0.999628796464294
1.373737373737374 0.9995709018885376
1.393939393939394 0.999505034256358
1.4141414141414144 0.9994305270458058
1.4343434343434345 0.9993467239564022
1.4545454545454546 0.9992529945374704
1.474747474747475 0.9991487477364651
1.494949494949495 0.999033441329803
1.5151515151515154 0.9989065871749685
1.5353535353535355 0.9987677542098816
1.5555555555555556 0.9986165697289566
1.575757575757576 0.9984527192141004
1.595959595959596 0.9982759446029235
1.6161616161616164 0.9980860404830942
1.6363636363636365 0.9978828487508221
1.6565656565656568 0.99766625247552
1.676767676767677 0.9974361690939431
1.696969696969697 0.9971925432538071
1.7171717171717173 0.9969353399199272
1.7373737373737375 0.9966645381310921
1.7575757575757578 0.9963801257419616
1.777777777777778 0.9960820955823746
1.7979797979797982 0.9957704431738668
1.8181818181818183 0.995445165721995
1.8383838383838385 0.9951062619943966
1.8585858585858588 0.9947537327024045
1.878787878787879 0.9943875808957021
1.8989898989898992 0.994007811908209
1.9191919191919193 0.9936144327468384
1.9393939393939394 0.9932074512059885
1.9595959595959598 0.992786875071525
1.97979797979798 0.9923527116042725
2.0 0.9919049673307078
