0.0 0.0 0.0
0.05 0.0 0.0
0.1 0.0 0.0
0.15000000000000002 0.094 0.013050976974924139
0.2 0.432 0.022152923057691506
0.25 0.4 0.021908902300206645
0.30000000000000004 0.214 0.01834142851579451
0.35000000000000003 0.302 0.020532705618110828
0.4 0.246 0.019260529587734602
0.45 0.122 0.014636666287102402
0.5 0.078 0.011992997957141493
0.55 0.074 0.011706750189527408
0.6000000000000001 0.07 0.011410521460476731
0.65 0.058 0.010453324829928513
0.7000000000000001 0.024 0.00684455988358638
0.75 0.018 0.005945754788081997
0.8 0.024 0.00684455988358638
0.8500000000000001 0.022 0.006559878047646922
0.9 0.018 0.005945754788081997
0.9500000000000001 0.018 0.005945754788081997
1.0 0.01 0.0044497190922573975
