0.0 0.0 0.0
0.05 0.0 0.0
0.1 0.0 0.0
0.15000000000000002 0.002 0.0019979989989987483
0.2 0.03 0.00762889244910426
0.25 0.154 0.01614211882003103
0.30000000000000004 0.142 0.015609996796924718
0.35000000000000003 0.11 0.013992855319769442
0.4 0.046 0.00936845771725528
0.45 0.048 0.009559916317625379
0.5 0.016 0.005611416933360059
0.55 0.006 0.0034536936748935914
0.6000000000000001 0.006 0.0034536936748935914
0.65 0.004 0.002822764602300376
0.7000000000000001 0.008 0.003983967871356395
0.75 0.004 0.002822764602300376
0.8 0.0 0.0
0.8500000000000001 0.0 0.0
0.9 0.0 0.0
0.9500000000000001 0.0 0.0
1.0 0.0 0.0
