0.0 0.004 0.002822764602300376
0.05 0.076 0.011851075900524812
0.1 0.368 0.021567382780485908
0.15000000000000002 0.802 0.017821111076473318
0.2 0.92 0.012132600710482479
0.25 0.908 0.012925633446759966
0.30000000000000004 0.78 0.018525657883055057
0.35000000000000003 0.642 0.021439962686534694
0.4 0.49 0.022356207191739835
0.45 0.376 0.021662132858977667
0.5 0.282 0.020123419192572618
0.55 0.244 0.019207498535728174
0.6000000000000001 0.23 0.01882020191177555
0.65 0.208 0.018151363585141474
0.7000000000000001 0.182 0.01725549187939886
0.75 0.142 0.015609996796924718
0.8 0.122 0.014636666287102402
0.8500000000000001 0.082 0.012269963325128565
0.9 0.102 0.013534843922262273
0.9500000000000001 0.05 0.009746794344808964
1.0 0.078 0.011992997957141493
