0.0 0.996 0.002822764602300377
0.05 0.998 0.001997998998998749
0.1 0.996 0.002822764602300377
0.15000000000000002 1.0 0.0
0.2 0.998 0.001997998998998749
0.25 0.998 0.001997998998998749
0.30000000000000004 0.996 0.002822764602300377
0.35000000000000003 0.998 0.001997998998998749
0.4 0.998 0.001997998998998749
0.45 1.0 0.0
0.5 0.998 0.001997998998998749
0.55 0.996 0.002822764602300377
0.6000000000000001 0.998 0.001997998998998749
0.65 0.996 0.002822764602300377
0.7000000000000001 1.0 0.0
0.75 0.996 0.002822764602300377
0.8 0.998 0.001997998998998749
0.8500000000000001 0.994 0.0034536936748935927
0.9 0.994 0.0034536936748935927
0.9500000000000001 0.998 0.001997998998998749
1.0 0.992 0.003983967871356396
