0.0 0.0 0.0
0.05 0.0 0.0
0.1 0.0 0.0
0.15000000000000002 0.0 0.0
0.2 0.0 0.0
0.25 0.006 0.0034536936748935914
0.30000000000000004 0.03 0.00762889244910426
0.35000000000000003 0.022 0.006559878047646922
0.4 0.038 0.00855055553750749
0.45 0.022 0.006559878047646922
0.5 0.012 0.004869496893930624
0.55 0.008 0.003983967871356395
0.6000000000000001 0.014 0.00525433154644813
0.65 0.016 0.005611416933360059
0.7000000000000001 0.014 0.00525433154644813
0.75 0.008 0.003983967871356395
0.8 0.008 0.003983967871356395
0.8500000000000001 0.006 0.0034536936748935914
0.9 0.002 0.0019979989989987483
0.9500000000000001 0.006 0.0034536936748935914
1.0 0.002 0.0019979989989987483
