0.0 0.0 0.0
0.05 0.0 0.0
0.1 0.0 0.0
0.15000000000000002 0.0 0.0
0.2 0.028 0.007377804551490911
0.25 0.028 0.007377804551490911
0.30000000000000004 0.024 0.00684455988358638
0.35000000000000003 0.006 0.0034536936748935914
0.4 0.008 0.003983967871356395
0.45 0.0 0.0
0.5 0.012 0.004869496893930624
0.55 0.002 0.0019979989989987483
0.6000000000000001 0.0 0.0
0.65 0.0 0.0
0.7000000000000001 0.002 0.0019979989989987483
0.75 0.0 0.0
0.8 0.0 0.0
0.8500000000000001 0.0 0.0
0.9 0.0 0.0
0.9500000000000001 0.002 0.0019979989989987483
1.0 0.0 0.0
