0.0 0.0 0.0
0.05 0.1 0.01341640786499874
0.1 0.52 0.022342784070030305
0.15000000000000002 0.53 0.022320394261750844
0.2 0.712 0.020251222185339826
0.25 0.622 0.02168483340955148
0.30000000000000004 0.49 0.022356207191739835
0.35000000000000003 0.392 0.021832819332372078
0.4 0.216 0.01840347793217358
0.45 0.152 0.016055902341506688
0.5 0.142 0.015609996796924718
0.55 0.066 0.011103512957618413
0.6000000000000001 0.114 0.014212951839783319
0.65 0.086 0.012538261442480771
0.7000000000000001 0.032 0.007870959280799261
0.75 0.04 0.008763560920082658
0.8 0.04 0.008763560920082658
0.8500000000000001 0.046 0.00936845771725528
0.9 0.038 0.00855055553750749
0.9500000000000001 0.018 0.005945754788081997
1.0 0.028 0.007377804551490911
