0.0 0.0 0.0
0.05 0.0 0.0
0.1 0.0 0.0
0.15000000000000002 0.0 0.0
0.2 0.0 0.0
0.25 0.012 0.004869496893930624
0.30000000000000004 0.024 0.00684455988358638
0.35000000000000003 0.022 0.006559878047646922
0.4 0.012 0.004869496893930624
0.45 0.012 0.004869496893930624
0.5 0.002 0.0019979989989987483
0.55 0.002 0.0019979989989987483
0.6000000000000001 0.004 0.002822764602300376
0.65 0.004 0.002822764602300376
0.7000000000000001 0.0 0.0
0.75 0.0 0.0
0.8 0.0 0.0
0.8500000000000001 0.0 0.0
0.9 0.002 0.0019979989989987483
0.9500000000000001 0.0 0.0
1.0 0.0 0.0
