0.0 0.0 0.0
0.05 0.0 0.0
0.1 0.0 0.0
0.15000000000000002 0.0 0.0
0.2 0.01 0.0044497190922573975
0.25 0.048 0.009559916317625379
0.30000000000000004 0.082 0.012269963325128565
0.35000000000000003 0.028 0.007377804551490911
0.4 0.024 0.00684455988358638
0.45 0.018 0.005945754788081997
0.5 0.02 0.006260990336999411
0.55 0.014 0.00525433154644813
0.6000000000000001 0.018 0.005945754788081997
0.65 0.008 0.003983967871356395
0.7000000000000001 0.01 0.0044497190922573975
0.75 0.008 0.003983967871356395
0.8 0.002 0.0019979989989987483
0.8500000000000001 0.002 0.0019979989989987483
0.9 0.004 0.002822764602300376
0.9500000000000001 0.012 0.004869496893930624
1.0 0.002 0.0019979989989987483
