0.0 0.0 0.0
0.05 0.0 0.0
0.1 0.0 0.0
0.15000000000000002 0.004 0.002822764602300376
0.2 0.096 0.013174520864152897
0.25 0.564 0.02217674457624473
0.30000000000000004 0.532 0.022314838112789434
0.35000000000000003 0.51 0.022356207191739835
0.4 0.404 0.021944657664224338
0.45 0.26 0.019616319736382767
0.5 0.202 0.01795527777562909
0.55 0.118 0.014427473791346842
0.6000000000000001 0.116 0.014320893826853127
0.65 0.072 0.011559930795640603
0.7000000000000001 0.09 0.012798437404620925
0.75 0.038 0.00855055553750749
0.8 0.048 0.009559916317625379
0.8500000000000001 0.018 0.005945754788081997
0.9 0.02 0.006260990336999411
0.9500000000000001 0.018 0.005945754788081997
1.0 0.012 0.004869496893930624
