1.0 0.0575 0.011639775556255371
1.4623140061070936 0.0325 0.008866192813152667
2.138362252456977 0.0325 0.008866192813152667
3.1269570718985507 0.05 0.010897247358851683
4.572593122732877 0.03 0.00852936105461599
6.68656696760126 0.0125 0.0055551215108222435
9.777860529496357 0.055 0.011399013115177999
14.298302402044245 0.0325 0.008866192813152667
20.908607866064003 0.03 0.00852936105461599
30.574950130746345 0.01 0.0049749371855331
44.7101778122163 0.0375 0.009499177595981664
65.38031923034248 0.015 0.006077622890571609
95.60655653428279 0.0275 0.008176758220713145
139.80680669575133 0.05 0.010897247358851683
204.4414515803042 0.025 0.007806247497997998
298.9575980747441 0.0175 0.006556247020971678
437.1698828968334 0.0075 0.00431385848168435
639.2796428082377 0.015 0.006077622890571609
934.827575497626 0.02 0.007
1367.011456945315 0.0175 0.006556247020971678
1998.9999999999989 0.02 0.007
