0.0 0.028 0.007377804551490911
0.05 0.148 0.015880554146502572
0.1 0.738 0.01966499427917537
0.15000000000000002 0.988 0.004869496893930627
0.2 0.992 0.003983967871356396
0.25 0.996 0.002822764602300377
0.30000000000000004 1.0 0.0
0.35000000000000003 1.0 0.0
0.4 0.996 0.002822764602300377
0.45 1.0 0.0
0.5 0.992 0.003983967871356396
0.55 0.998 0.001997998998998749
0.6000000000000001 1.0 0.0
0.65 0.996 0.002822764602300377
0.7000000000000001 0.988 0.004869496893930627
0.75 0.974 0.007116740827092135
0.8 0.99 0.0044497190922574
0.8500000000000001 0.958 0.00897061870775924
0.9 0.932 0.01125841907196565
0.9500000000000001 0.942 0.010453324829928518
1.0 0.938 0.010784804124322337
