0.0 0.0 0.0
0.05 0.0 0.0
0.1 0.01 0.0044497190922573975
0.15000000000000002 0.154 0.01614211882003103
0.2 0.316 0.020791536739741004
0.25 0.302 0.020532705618110828
0.30000000000000004 0.174 0.016954291492126704
0.35000000000000003 0.104 0.013651666564928987
0.4 0.056 0.010282412168358162
0.45 0.058 0.010453324829928513
0.5 0.034 0.008104813384649889
0.55 0.012 0.004869496893930624
0.6000000000000001 0.01 0.0044497190922573975
0.65 0.008 0.003983967871356395
0.7000000000000001 0.004 0.002822764602300376
0.75 0.004 0.002822764602300376
0.8 0.004 0.002822764602300376
0.8500000000000001 0.002 0.0019979989989987483
0.9 0.002 0.0019979989989987483
0.9500000000000001 0.002 0.0019979989989987483
1.0 0.0 0.0
