0.0 0.0 0.0
0.05 0.0 0.0
0.1 0.002 0.0019979989989987483
0.15000000000000002 0.002 0.0019979989989987483
0.2 0.036 0.008331146379700696
0.25 0.14 0.01551773179301666
0.30000000000000004 0.382 0.02172905888436036
0.35000000000000003 0.312 0.02071984555926998
0.4 0.34 0.021184900282984576
0.45 0.27 0.019854470529329156
0.5 0.194 0.01768411716767337
0.55 0.194 0.01768411716767337
0.6000000000000001 0.136 0.01532997064576446
0.65 0.12 0.014532721699667961
0.7000000000000001 0.126 0.01484075469779081
0.75 0.106 0.013766916866168693
0.8 0.086 0.012538261442480771
0.8500000000000001 0.076 0.011851075900524812
0.9 0.054 0.010107818755794942
0.9500000000000001 0.036 0.008331146379700696
1.0 0.038 0.00855055553750749
