0.0 0.0 0.0
0.05 0.0 0.0
0.1 0.0 0.0
0.15000000000000002 0.01 0.0044497190922573975
0.2 0.104 0.013651666564928987
0.25 0.158 0.01631171358257617
0.30000000000000004 0.068 0.011258419071965654
0.35000000000000003 0.08 0.01213260071048248
0.4 0.036 0.008331146379700696
0.45 0.022 0.006559878047646922
0.5 0.014 0.00525433154644813
0.55 0.024 0.00684455988358638
0.6000000000000001 0.018 0.005945754788081997
0.65 0.002 0.0019979989989987483
0.7000000000000001 0.01 0.0044497190922573975
0.75 0.016 0.005611416933360059
0.8 0.018 0.005945754788081997
0.8500000000000001 0.01 0.0044497190922573975
0.9 0.008 0.003983967871356395
0.9500000000000001 0.002 0.0019979989989987483
1.0 0.006 0.0034536936748935914
