0.0 0.0 0.0
0.05 0.0 0.0
0.1 0.0 0.0
0.15000000000000002 0.0 0.0
0.2 0.13 0.015039946808416579
0.25 0.312 0.02071984555926998
0.30000000000000004 0.402 0.021926969694875762
0.35000000000000003 0.33 0.02102855201862458
0.4 0.308 0.020646355610615643
0.45 0.164 0.0165592270351004
0.5 0.112 0.014103616557464968
0.55 0.08 0.01213260071048248
0.6000000000000001 0.032 0.007870959280799261
0.65 0.014 0.00525433154644813
0.7000000000000001 0.022 0.006559878047646922
0.75 0.022 0.006559878047646922
0.8 0.014 0.00525433154644813
0.8500000000000001 0.016 0.005611416933360059
0.9 0.01 0.0044497190922573975
0.9500000000000001 0.0 0.0
1.0 0.0 0.0
