0.0 0.002 0.0019979989989987483
0.05128205128205128 0.02 0.006260990336999411
0.10256410256410256 0.076 0.011851075900524812
0.15384615384615385 0.34 0.021184900282984576
0.20512820512820512 0.598 0.021926969694875762
0.2564102564102564 0.782 0.018464885594013304
0.3076923076923077 0.85 0.015968719422671314
0.358974358974359 0.88 0.014532721699667961
0.41025641025641024 0.888 0.014103616557464968
0.4615384615384615 0.874 0.01484075469779081
0.5128205128205128 0.844 0.01622738426241272
0.5641025641025641 0.904 0.013174520864152895
0.6153846153846154 0.872 0.014940950438308804
0.6666666666666666 0.884 0.014320893826853127
0.717948717948718 0.912 0.012669333052690657
0.7692307692307692 0.932 0.01125841907196565
0.8205128205128205 0.902 0.013296315279053816
0.8717948717948718 0.906 0.013050976974924135
0.923076923076923 0.904 0.013174520864152895
0.9743589743589743 0.878 0.014636666287102402
1.0256410256410255 0.904 0.013174520864152895
1.0769230769230769 0.868 0.01513776733867977
1.1282051282051282 0.866 0.015234434679370286
1.1794871794871795 0.792 0.018151363585141474
1.2307692307692308 0.786 0.01834142851579451
1.282051282051282 0.81 0.01754422982065613
1.3333333333333333 0.858 0.01560999679692472
1.3846153846153846 0.78 0.018525657883055057
1.435897435897436 0.748 0.019416281827373642
1.4871794871794872 0.848 0.01605590234150669
1.5384615384615383 0.822 0.01710648999648964
1.5897435897435896 0.774 0.01870422412183943
1.641025641025641 0.772 0.018762515822778138
1.6923076923076923 0.682 0.020826713614970557
1.7435897435897436 0.772 0.018762515822778138
1.7948717948717947 0.734 0.019760769215797242
1.846153846153846 0.73 0.019854470529329156
1.8974358974358974 0.762 0.01904499934365974
1.9487179487179487 0.684 0.020791536739741004
2.0 0.786 0.01834142851579451
2.051282051282051 0.894 0.013766916866168691
2.1025641025641026 0.854 0.015791390059142988
2.1538461538461537 0.86 0.01551773179301666
2.2051282051282053 0.828 0.0168769665520792
2.2564102564102564 0.87 0.015039946808416579
2.3076923076923075 0.83 0.016798809481626965
2.358974358974359 0.842 0.016311713582576173
2.41025641025641 0.85 0.015968719422671314
2.4615384615384617 0.87 0.015039946808416579
2.5128205128205128 0.808 0.017614539448989292
2.564102564102564 0.852 0.015880554146502572
2.6153846153846154 0.808 0.017614539448989292
2.6666666666666665 0.858 0.01560999679692472
2.717948717948718 0.784 0.01840347793217358
2.769230769230769 0.78 0.018525657883055057
2.8205128205128203 0.796 0.018021320706318945
2.871794871794872 0.782 0.018464885594013304
2.923076923076923 0.814 0.017401379255679708
2.9743589743589745 0.818 0.017255491879398864
3.0256410256410255 0.822 0.01710648999648964
3.0769230769230766 0.84 0.01639512122553536
3.128205128205128 0.762 0.01904499934365974
3.1794871794871797 0.81 0.01754422982065613
3.230769230769231 0.766 0.01893377933746984
3.282051282051282 0.754 0.019260529587734602
3.333333333333333 0.746 0.019467100451787882
3.3846153846153846 0.826 0.016954291492126707
3.435897435897436 0.736 0.019713142824014644
3.4871794871794872 0.786 0.01834142851579451
3.5384615384615383 0.756 0.019207498535728174
3.5897435897435894 0.682 0.020826713614970557
3.641025641025641 0.71 0.020292855885754475
3.6923076923076925 0.704 0.020414896521902825
3.7435897435897436 0.81 0.01754422982065613
3.7948717948717947 0.722 0.020035768016225385
3.846153846153846 0.79 0.01821537811850196
3.8974358974358974 0.746 0.019467100451787882
3.948717948717949 0.76 0.019099738218101316
4.0 0.808 0.017614539448989292