0.0 0.0006430549716440733
0.020202020202020204 0.0007013498555287414
0.04040404040404041 0.0008100471664630891
0.06060606060606061 0.0010292033196940599
0.08080808080808081 0.0014868054106930283
0.10101010101010102 0.0024794362245037444
0.12121212121212122 0.004750719899472211
0.14141414141414144 0.010195410002561887
0.16161616161616163 0.0235259385976287
0.18181818181818182 0.05564918918830379
0.20202020202020204 0.12746414205064932
0.22222222222222224 0.26410252659201744
0.24242424242424243 0.46586022439724006
0.26262626262626265 0.6821732533933484
0.2828282828282829 0.8467842685175463
0.30303030303030304 0.9379754757372115
0.32323232323232326 0.9773805495722587
0.3434343434343435 0.9919836088066123
0.36363636363636365 0.9970641046628201
0.38383838383838387 0.9988377828531456
0.4040404040404041 0.9994888706255491
0.42424242424242425 0.9997460913648339
0.4444444444444445 0.9998508997902176
0.4646464646464647 0.9998895514089784
0.48484848484848486 0.9998996452133118
0.5050505050505051 0.9998961136786206
0.5252525252525253 0.9998832009759016
0.5454545454545455 0.9998793286423013
0.5656565656565657 0.9998829250399939
0.5858585858585859 0.9998910206959917
0.6060606060606061 0.9999011811068217
0.6262626262626263 0.9999114375100977
0.6464646464646465 0.9999205223195449
0.6666666666666667 0.9999276327420754
0.686868686868687 0.9999322583750669
0.7070707070707072 0.9999343307880323
0.7272727272727273 0.9999340165746902
0.7474747474747475 0.9999315853611245
0.7676767676767677 0.9999273673536774
0.787878787878788 0.9999216870288159
0.8080808080808082 0.99991485659245
0.8282828282828284 0.9999071170089789
0.8484848484848485 0.9998985507464753
0.8686868686868687 0.999888973460513
0.888888888888889 0.9998779053027101
0.9090909090909092 0.9998646981525535
0.9292929292929294 0.9998486222134081
0.9494949494949496 0.9998288485790058
0.9696969696969697 0.9998044631390373
0.98989898989899 0.9997745172763628
1.0101010101010102 0.9997380384332923
1.0303030303030305 0.9996940105702652
1.0505050505050506 0.9996413643733704
1.0707070707070707 0.9995789836789951
1.090909090909091 0.999505713357853
1.1111111111111112 0.9994203654427314
1.1313131313131315 0.9993217283157764
1.1515151515151516 0.9992085872044429
1.1717171717171717 0.9990797530043558
1.191919191919192 0.9989340925107225
1.2121212121212122 0.9987705518891062
1.2323232323232325 0.9985881721100645
1.2525252525252526 0.9983860958303068
1.272727272727273 0.9981635668499615
1.292929292929293 0.9979199255367203
1.3131313131313131 0.9976546019905477
1.3333333333333335 0.99736710890782
1.3535353535353536 0.9970570350296731
1.373737373737374 0.9967240379721813
1.393939393939394 0.9963678355474643
1.4141414141414144 0.9959881954049559
1.4343434343434345 0.9955849236650001
1.4545454545454546 0.9951578548807029
1.474747474747475 0.994706845494506
1.494949494949495 0.9942317706736261
1.5151515151515154 0.9937325232148784
1.5353535353535355 0.9932090136647475
1.5555555555555556 0.9926611710016662
1.575757575757576 0.9920889430039787
1.595959595959596 0.9914922957568131
1.6161616161616164 0.9908712123813019
1.6363636363636365 0.99022569127122
1.6565656565656568 0.9895557440328401
1.676767676767677 0.9888613933819046
1.696969696969697 0.9881426713547838
1.7171717171717173 0.9873996180488733
1.7373737373737375 0.986632280820843
1.7575757575757578 0.985840713736843
1.777777777777778 0.985024977153345
1.7979797979797982 0.9841851374279352
1.8181818181818183 0.9833212667779697
1.8383838383838385 0.9824334432573354
1.8585858585858588 0.9815217508051214
1.878787878787879 0.9805862793528695
1.8989898989898992 0.9796271250083093
1.9191919191919193 0.9786443903250152
1.9393939393939394 0.9776381846304023
1.9595959595959598 0.9766086243576811
1.97979797979798 0.9755558333329284
2.0 0.9744799429929543
