0.0 0.0 0.0
0.05 0.0 0.0
0.1 0.07 0.011410521460476731
0.15000000000000002 0.154 0.01614211882003103
0.2 0.164 0.0165592270351004
0.25 0.134 0.015234434679370286
0.30000000000000004 0.092 0.012925633446759968
0.35000000000000003 0.062 0.010784804124322332
0.4 0.016 0.005611416933360059
0.45 0.024 0.00684455988358638
0.5 0.024 0.00684455988358638
0.55 0.006 0.0034536936748935914
0.6000000000000001 0.01 0.0044497190922573975
0.65 0.008 0.003983967871356395
0.7000000000000001 0.006 0.0034536936748935914
0.75 0.0 0.0
0.8 0.006 0.0034536936748935914
0.8500000000000001 0.004 0.002822764602300376
0.9 0.0 0.0
0.9500000000000001 0.002 0.0019979989989987483
1.0 0.002 0.0019979989989987483
