0.0 0.0 0.0
0.025 0.008 0.003983967871356395
0.05 0.004 0.002822764602300376
0.07500000000000001 0.0 0.0
0.1 0.006 0.0034536936748935914
0.125 0.004 0.002822764602300376
0.15000000000000002 0.012 0.004869496893930624
0.17500000000000002 0.016 0.005611416933360059
0.2 0.04 0.008763560920082658
0.225 0.044 0.009172131704244111
0.25 0.12 0.014532721699667961
0.275 0.322 0.020895741192884256
0.30000000000000004 0.618 0.02172905888436036
0.325 0.796 0.018021320706318945
0.35000000000000003 0.916 0.012405160216619531
0.375 0.958 0.00897061870775924
0.4 0.976 0.006844559883586383
0.42500000000000004 0.98 0.006260990336999414
0.45 0.992 0.003983967871356396
0.47500000000000003 0.99 0.0044497190922574
0.5 1.0 0.0
0.55 1.0 0.0
0.6000000000000001 0.998 0.001997998998998749
0.65 1.0 0.0
0.7000000000000001 1.0 0.0
0.75 1.0 0.0
0.8 0.996 0.002822764602300377
0.8500000000000001 0.994 0.0034536936748935927
0.9 1.0 0.0
0.9500000000000001 1.0 0.0
1.0 0.996 0.002822764602300377
1.05 0.996 0.002822764602300377
1.1 0.996 0.002822764602300377
1.1500000000000001 0.998 0.001997998998998749
1.2000000000000002 0.998 0.001997998998998749
1.25 0.998 0.001997998998998749
1.3 0.998 0.001997998998998749
1.35 0.996 0.002822764602300377
1.4000000000000001 0.986 0.0052543315464481325
1.4500000000000002 0.992 0.003983967871356396
1.5 0.982 0.005945754788082
1.55 0.982 0.005945754788082
1.6 0.99 0.0044497190922574
1.6500000000000001 0.978 0.006559878047646925
1.7000000000000002 0.972 0.0073778045514909145
1.75 0.968 0.007870959280799264
1.8 0.976 0.006844559883586383
1.85 0.966 0.008104813384649892
1.9000000000000001 0.976 0.006844559883586383
1.9500000000000002 0.976 0.006844559883586383
2.0 0.968 0.007870959280799264
